800
800
800
800
800
800
800
800
800
800
800
800
800
800
800
800
800
800
800
800
800
800
800
800
800
800
800
800
800
800
800
800
800
800
800
800
800
800
800
800
800
800
800
800
800
800
800
800
800
800
800
800
800
800
800
800
800
800
800
800
800
800
800
800
740
800
629
800
800
800
741
800
800
800
800
800
800
800
800
800
800
438
800
676
800
437
800
446
800
800
617
491
279
800
372
327
800
761
752
800
412
800
800
800
627
432
800
343
384
773
800
800
800
800
497
556
762
800
800
356
800
411
800
800
585
800
800
800
610
800
800
728
754
800
722
800
496
642
800
800
800
800
800
370
574
800
800
389
658
732
707
800
800
800
800
800
800
800
800
696
800
781
520
800
615
648
622
479
732
606
500
544
516
555
800
384
524
572
800
800
800
800
800
800
800
800
800
758
800
800
800
800
800
800
800
800
800
644
437
800
800
800
800
800
800
800
530
800
377
775
800
800
370
800
557
800
372
408
800
800
580
726
226
559
554
800
348
688
637
520
635
800
307
476
800
321
733
202
800
325
800
800
800
800
800
800
398
800
497
364
688
534
352
338
328
544
800
305
452
170
224
412
332
314
235
415
800
275
225
272
282
504
739
532
383
312
282
412
301
362
371
800
800
169
172
355
800
323
499
800
313
375
800
277
341
195
551
328
233
464
509
478
425
505
354
323
357
290
800
800
201
388
800
619
800
588
430
162
419
332
800
800
504
174
580
621
800
306
199
800
557
314
180
206
386
380
237
201
241
142
312
241
90
347
569
158
155
374
148
153
189
347
156
800
275
155
139
118
346
256
262
157
384
334
273
170
180
305
426
164
253
209
150
230
162
613
158
160
227
159
143
153
145
130
140
142
219
415
267
183
125
171
115
366
236
189
327
143
254
235
165
139
142
198
179
220
171
117
190
205
254
159
224
148
121
258
185
251
310
167
275
183
171
800
739
191
140
147
117
138
257
196
213
186
107
189
157
161
135
320
210
144
125
277
122
145
232
124
142
142
110
321
192
106
139
124
207
148
155
108
100
102
185
163
198
145
246
229
191
172
152
440
121
185
199
192
158
151
148
102
105
160
98
103
250
327
115
169
147
106
151
168
178
178
180
800
108
454
263
201
125
232
190
152
187
164
413
183
281
169
107
195
124
158
92
151
108
146
173
156
89
149
126
221
140
196
88
127
156
125
155
157
139
168
206
186
179
344
168
204
168
134
190
248
119
303
396
208
168
202
422
141
184
122
179
114
125
202
156
209
155
238
108
114
167
152
82
179
213
207
187
156
249
202
98
147
188
174
132
203
152
158
219
242
183
143
164
103
152
319
98
182
248
189
190
164
135
154
149
173
105
144
118
114
179
170
150
94
154
800
180
204
124
276
145
107
114
94
159
105
181
218
149
113
81
125
139
128
88
208
117
133
125
90
84
158
120
110
109
165
202
130
205
224
212
144
150
165
248
235
147
310
209
179
453
109
226
129
168
95
110
121
146
163
155
144
166
94
88
119
106
131
125
107
205
111
161
187
118
76
98
140
86
139
140
142
123
135
117
133
129
93
157
107
87
339
126
112
131
259
85
132
119
130
169
180
152
186
113
83
133
136
169
296
118
154
800
67
149
214
149
91
126
158
99
86
118
129
105
104
95
130
177
161
800
174
155
176
116
107
158
122
108
131
279
112
404
263
140
89
140
141
155
179
186
129
198
153
260
403
151
110
213
290
186
161
129
226
129
129
126
109
190
142
153
101
109
75
152
132
157
95
111
137
120
121
100
102
91
75
84
103
138
165
96
116
183
84
97
159
94
118
93
98
186
106
120
92
145
146
114
125
151
132
91
89
105
89
100
126
135
77
75
112
89
116
188
111
71
102
80
69
135
101
127
171
130
75
84
132
90
67
76
135
106
80
100
123
93
158
91
97
132
109
107
101
129
96
146
110
159
195
196
131
117
86
171
154
165
172
134
329
164
211
110
95
123
154
148
68
109
173
115
200
91
96
123
98
125
162
156
458
148
151
187
85
108
187
102
82
155
178
148
125
97
78
800
156
138
146
114
111
99
60
136
124
83
70
83
157
133
170
83
95
150
99
378
141
134
59
204
152
149
105
54
104
88
83
98
135
63
78
131
90
82
82
92
72
92
120
800
156
80
89
80
80
105
126
101
74
76
113
72
115
79
118
70
72
131
124
79
87
90
93
101
128
68
93
119
101
80
93
58
100
68
94
80
137
114
111
91
81
98
85
141
99
69
100
93
136
81
117
82
90
88
89
88
55
124
151
125
91
70
152
108
74
105
83
78
110
76
84
87
106
74
201
89
86
95
71
78
121
113
78
96
113
107
74
155
84
96
272
105
125
81
58
60
78
97
73
85
214
200
127
62
69
76
71
58
74
79
151
95
61
79
94
107
176
123
59
69
63
65
63
71
61
65
86
67
72
90
81
57
72
57
104
69
93
82
63
103
93
58
64
66
96
70
69
58
86
69
55
63
74
51
72
60
61
55
89
61
93
55
79
62
88
84
76
65
65
70
72
72
81
94
97
70
68
96
99
68
56
70
145
94
61
60
74
84
61
59
97
122
52
74
83
93
65
60
57
111
63
57
50
139
68
72
59
63
65
80
94
82
59
71
58
78
76
70
89
59
72
79
70
52
65
54
54
72
85
60
55
75
57
62
65
70
54
60
71
52
64
60
95
59
70
66
56
83
101
77
66
62
60
48
84
81
64
83
55
66
64
61
143
69
78
64
98
54
71
70
59
60
68
57
79
73
82
53
74
76
66
77
50
60
50
77
70
62
70
55
84
58
61
66
75
53
91
81
68
65
72
59
57
73
89
54
65
58
60
51
51
63
55
54
63
54
53
66
57
68
57
66
57
61
51
56
66
52
63
68
57
65
69
57
73
68
63
54
63
48
51
58
70
61
64
64
54
54
74
60
84
52
64
66
63
56
49
52
74
58
50
69
55
59
80
63
61
61
51
51
85
52
52
52
52
58
55
48
53
64
68
53
49
47
61
65
73
55
55
58
56
50
54
52
60
61
55
54
51
55
56
59
54
55
50
58
58
67
61
60
105
48
87
56
54
50
67
49
62
55
68
56
57
50
55
78
46
58
52
59
50
57
116
65
60
71
63
60
53
57
53
48
58
52
53
55
58
52
61
71
52
54
54
73
48
62
50
50
70
61
61
59
66
47
52
52
49
50
80
58
53
76
48
49
53
64
46
70
63
56
56
77
52
53
53
58
57
50
57
51
50
60
61
48
54
46
53
51
60
55
52
52
50
57
65
56
50
52
58
50
95
55
54
71
61
79
55
57
65
59
52
54
67
55
56
54
63
122
56
60
55
62
54
104
75
86
66
60
57
60
64
52
59
59
54
50
55
91
117
74
57
59
69
60
54
76
53
84
83
74
519
178
152
54
76
64
56
62
53
132
146
198
478
102
187
69
61
73
201
54
50
104
61
62
62
72
65
51
74
87
55
115
58
72
61
64
60
99
70
52
55
51
56
54
54
72
72
53
59
109
65
52
63
73
91
73
60
146
85
51
101
85
53
59
93
81
82
166
82
54
74
50
88
50
53
73
60
54
56
75
200
74
92
66
177
302
60
78
62
56
76
61
65
62
64
64
50
67
115
62
69
132
68
150
56
85
66
82
111
107
143
142
116
69
130
67
55
69
79
62
71
50
56
52
62
52
191
800
800
91
613
136
67
100
58
55
64
76
58
54
52
129
53
59
52
66
57
54
52
78
66
66
60
54
54
313
108
109
57
61
53
89
308
628
245
211
120
111
103
94
87
67
166
238
205
70
124
60
90
52
73
54
54
53
120
52
68
65
108
119
61
63
53
66
57
70
91
76
53
63
54
134
163
65
75
272
106
102
86
209
157
148
172
101
120
121
81
216
76
175
132
233
193
350
365
107
117
53
141
187
124
338
59
152
348
644
228
58
127
455
163
800
800
800
800
800
800
800
800
332
68
207
72
192
59
74
60
58
100
147
92
54
53
52
61
336
58
73
52
54
55
56
66
195
52
96
122
196
52
54
54
62
53
52
52
53
54
52
52
54
52
54
54
52
55
53
56
52
54
55
53
52
52
52
56
57
56
53
51
53
55
54
50
52
52
57
50
55
58
53
51
51
65
462
463
50
52
50
96
61
56
68
73
56
52
60
174
99
93
50
215
128
54
76
400
74
109
58
95
56
476
73
86
50
52
89
52
59
50
51
62
63
50
50
50
53
59
71
73
62
53
153
464
57
82
84
54
50
51
50
61
77
50
64
50
57
57
52
50
50
53
50
50
50
52
50
50
50
57
54
52
50
57
51
52
50
54
56
51
50
50
50
52
56
54
50
52
52
51
50
55
52
60
53
52
52
54
50
54
62
59
59
54
52
50
52
52
57
54
50
52
63
54
50
50
51
50
68
50
54
54
51
54
52
65
63
54
62
51
52
50
54
53
50
71
54
50
50
54
59
52
58
50
61
56
55
78
54
66
50
50
55
50
54
50
58
52
50
61
53
52
50
51
50
58
55
52
53
50
53
52
63
52
51
54
50
90
73
53
61
52
52
51
74
53
72
73
64
80
81
58
74
52
53
54
52
50
57
65
52
67
51
50
51
52
50
114
70
50
50
50
52
55
50
52
50
53
50
97
50
54
80
80
57
54
51
55
62
61
72
102
64
79
52
50
56
77
56
52
48
48
48
54
48
48
53
64
49
60
49
49
60
101
223
113
146
71
56
50
50
64
54
51
56
49
69
109
97
51
104
50
53
106
48
56
134
115
135
193
248
168
351
133
86
200
89
98
82
144
55
196
88
215
399
130
248
169
80
119
271
68
61
209
173
51
55
57
58
74
70
48
59
50
56
49
57
50
50
51
48
52
50
55
54
77
58
49
50
48
48
53
48
51
74
56
60
48
61
48
53
49
59
58
53
48
50
56
64
49
49
50
52
64
51
48
52
61
92
48
121
122
55
51
50
54
60
49
110
66
50
48
57
48
49
59
50
52
50
55
56
48
56
49
50
53
50
48
50
52
50
51
48
50
49
49
48
50
50
56
51
52
49
49
48
51
48
50
48
60
49
52
50
50
48
54
50
50
50
48
50
52
53
52
51
49
55
49
51
51
53
52
48
53
54
48
53
50
54
50
50
53
49
50
52
50
50
50
50
51
48
50
58
59
54
56
56
51
60
50
50
50
51
53
52
52
52
49
50
49
48
50
50
58
75
56
53
52
48
49
48
48
52
48
48
48
54
59
48
54
50
50
49
53
48
48
50
49
48
52
48
52
48
48
50
50
49
51
53
49
55
48
51
49
50
48
48
48
48
48
48
48
48
54
53
69
48
56
48
49
48
50
48
54
55
48
48
50
48
48
48
50
48
48
52
48
49
49
51
56
49
48
48
52
49
50
48
48
51
50
50
53
50
50
50
49
48
48
48
60
50
48
51
48
48
50
48
52
52
48
56
48
58
48
49
50
50
48
51
48
48
48
51
48
48
48
48
48
48
48
50
48
48
48
49
48
50
51
47
49
49
51
48
46
50
49
48
51
49
48
49
49
50
48
49
53
57
49
48
48
48
48
50
51
58
48
48
49
52
48
48
50
52
52
48
49
53
48
49
48
50
48
51
50
50
51
63
50
48
50
50
53
56
49
95
46
53
50
48
52
48
63
52
48
54
97
50
50
50
50
48
49
59
48
48
48
56
49
48
48
57
49
51
49
55
70
66
61
55
76
118
58
53
59
54
84
53
48
62
48
58
54
49
58
61
46
52
48
55
48
48
64
50
56
54
49
48
64
52
52
49
48
48
48
50
50
50
56
50
48
46
53
51
48
48
48
49
52
54
48
51
48
48
48
50
48
52
48
48
50
49
49
48
48
49
48
49
48
49
48
50
48
48
49
48
52
48
48
48
51
49
49
48
48
52
50
48
51
50
50
48
48
56
50
48
50
48
48
54
48
48
50
50
48
48
48
48
49
49
48
48
51
48
50
48
48
50
50
54
54
48
48
50
50
50
49
51
50
56
52
49
52
50
48
48
48
50
49
50
50
48
48
48
48
48
50
48
50
48
48
55
49
52
48
48
49
53
50
48
50
48
51
50
49
48
48
49
52
50
48
52
49
52
49
50
49
48
49
48
50
49
48
50
48
48
48
48
56
52
49
56
49
52
52
48
48
48
50
48
48
52
48
49
48
49
48
49
48
52
50
48
48
49
48
49
52
51
49
48
49
48
48
48
51
48
48
48
48
50
48
49
50
48
48
48
52
48
48
48
50
52
48
48
50
50
49
49
54
50
50
50
48
50
48
60
58
48
50
48
52
54
48
50
49
50
48
49
56
48
48
48
52
50
49
50
50
48
48
54
51
49
48
51
48
48
50
48
51
48
50
56
48
50
48
49
49
49
49
48
49
48
48
50
50
49
48
48
48
49
48
48
48
48
50
48
49
48
51
49
48
48
48
48
51
49
50
52
52
48
48
48
48
51
50
48
49
49
48
48
49
48
51
51
48
50
48
50
48
53
48
48
48
50
51
48
57
54
48
50
50
48
49
54
49
50
51
48
50
48
48
58
49
49
48
49
54
48
50
48
49
48
48
48
49
48
52
52
50
48
49
48
50
50
48
50
48
50
54
49
48
52
48
52
50
50
49
56
48
52
53
48
48
48
52
52
49
50
48
50
48
49
50
48
54
69
76
48
50
48
61
48
48
54
48
60
50
52
50
50
48
56
48
48
48
49
48
52
48
50
48
48
48
48
48
48
48
50
49
48
49
48
49
53
52
48
48
48
48
50
48
48
51
49
50
48
48
48
48
50
49
48
48
49
50
48
48
48
48
50
48
56
56
54
48
48
48
48
48
48
49
48
53
54
48
51
49
48
49
48
54
51
49
48
48
48
48
49
48
52
48
55
48
50
48
49
50
50
48
48
48
52
53
50
52
48
48
48
53
49
48
48
52
48
50
48
48
48
48
48
48
49
49
48
50
48
50
51
49
48
48
48
51
48
48
51
48
52
50
51
48
48
49
48
48
48
50
49
54
48
50
51
50
48
48
50
50
48
48
48
56
51
49
50
48
49
48
48
48
48
48
48
50
49
48
48
50
49
48
49
50
50
50
49
50
49
51
50
48
48
50
48
48
50
48
48
48
48
48
49
50
48
48
48
48
48
50
49
48
48
54
48
48
48
48
48
51
48
48
48
48
48
48
49
50
49
48
48
48
50
48
48
54
48
49
48
48
48
48
51
49
48
48
48
53
49
48
52
50
50
48
48
48
49
49
48
48
48
48
48
48
49
50
48
54
48
49
54
49
48
48
49
52
48
48
48
48
49
50
48
49
50
50
48
48
48
51
50
48
51
48
48
49
49
48
48
48
48
54
50
48
52
48
51
49
49
48
48
48
50
48
49
47
54
48
52
48
48
48
51
48
48
48
48
47
48
50
46
49
48
48
48
49
50
48
50
48
48
48
48
48
50
48
48
50
48
48
48
48
48
48
48
48
46
51
52
48
50
48
48
50
48
49
51
48
49
48
48
48
48
48
50
48
49
49
50
50
48
50
48
48
49
48
48
48
48
48
48
50
48
48
48
48
48
48
48
51
49
54
48
50
48
48
48
48
49
48
48
46
48
46
48
48
48
48
46
46
46
50
51
46
48
48
48
48
48
48
48
48
48
48
50
48
48
49
51
49
48
48
48
49
48
49
48
48
50
50
48
47
49
48
49
48
50
50
48
48
48
48
48
48
48
48
48
48
48
49
49
46
52
48
48
48
48
50
48
47
46
51
48
48
48
46
48
48
49
50
48
48
48
49
48
48
49
48
48
49
48
50
48
48
48
48
48
49
48
48
48
49
48
49
48
52
48
48
48
50
48
48
48
48
48
46
48
48
46
48
48
46
49
48
47
50
50
48
49
46
48
48
52
48
46
48
46
46
48
48
48
46
48
46
58
48
48
48
48
58
47
48
46
48
46
50
46
48
48
48
46
46
48
46
47
48
47
48
48
48
52
46
48
48
48
48
49
48
48
52
49
48
46
48
46
52
48
48
46
52
48
56
46
48
48
46
46
46
48
48
48
46
46
48
46
46
48
46
46
48
47
46
48
49
46
50
46
46
46
46
48
46
48
46
46
46
46
47
48
49
50
56
50
46
46
46
46
46
48
48
46
49
46
46
46
46
46
46
46
46
48
46
46
46
46
47
46
46
48
46
46
47
48
46
46
46
46
48
48
48
46
46
46
50
46
46
48
46
48
54
48
50
48
46
46
48
48
48
46
46
48
46
48
46
46
47
46
47
46
47
48
46
46
46
46
46
47
46
46
46
46
46
46
46
48
46
46
46
46
46
52
46
46
46
46
46
46
46
46
46
49
46
50
46
46
50
48
46
48
46
47
46
50
46
46
46
49
46
48
46
46
46
46
46
46
46
46
46
47
46
46
46
47
46
46
46
49
47
47
46
46
46
47
46
46
47
46
47
49
46
48
46
52
47
46
46
46
46
46
48
46
49
47
46
46
47
46
46
46
48
47
46
46
48
46
46
47
46
46
46
46
48
46
47
55
46
46
47
48
46
46
46
46
46
46
46
46
46
46
46
46
46
46
47
46
46
46
49
48
46
51
46
48
48
46
48
48
48
46
48
46
48
46
46
48
46
46
46
46
50
46
46
46
48
46
47
46
46
49
46
49
46
46
46
52
48
48
47
48
46
46
46
46
47
46
48
46
46
46
48
47
46
46
49
46
46
46
50
48
46
46
46
47
46
46
46
48
48
48
46
46
47
46
46
48
46
46
46
48
46
46
50
46
46
46
46
46
46
46
52
46
46
47
46
46
46
46
46
46
46
46
46
46
48
46
46
46
46
46
48
47
46
46
46
48
48
46
50
46
46
48
46
46
46
46
46
47
47
49
47
49
46
47
46
50
46
46
46
47
47
46
50
47
46
46
48
46
46
46
46
48
46
48
48
46
46
48
46
46
48
46
46
46
46
47
46
46
46
46
46
46
47
46
46
46
47
46
46
46
46
46
46
46
46
46
47
46
46
46
46
48
46
46
47
46
46
46
46
46
46
46
46
46
46
46
48
46
46
52
47
46
46
46
46
46
46
46
46
46
54
46
46
46
46
46
46
47
47
46
46
48
46
46
46
48
46
46
46
46
46
46
46
46
46
48
54
46
46
46
46
48
46
46
46
52
54
47
47
48
46
46
46
46
46
46
46
46
46
47
47
46
46
46
46
47
46
49
46
47
46
46
48
46
46
46
46
46
48
46
46
48
46
46
46
46
52
46
46
46
49
46
46
46
47
46
46
48
46
46
47
46
46
46
46
46
46
46
46
49
46
46
48
47
47
46
46
46
48
47
46
48
47
48
46
48
46
46
46
58
50
46
46
46
46
50
46
46
46
46
46
48
49
48
46
46
47
46
47
47
49
46
47
46
46
47
50
46
48
46
48
48
48
48
46
46
48
46
46
46
46
46
46
46
48
46
46
46
46
48
46
46
46
47
46
46
46
46
46
48
46
46
47
46
46
48
47
46
46
46
48
46
46
46
47
46
46
46
46
46
54
46
46
46
46
46
46
46
46
46
46
46
55
46
46
48
48
46
46
51
46
46
46
46
46
46
47
47
46
46
48
48
47
48
48
46
46
46
48
46
47
46
47
46
48
46
48
46
46
46
48
46
48
46
46
46
46
47
48
46
46
46
48
46
46
46
51
47
46
47
49
46
46
46
47
46
46
48
52
46
46
46
46
47
48
46
46
50
46
46
49
46
46
46
46
46
47
46
46
53
46
46
46
46
48
46
48
46
46
47
46
46
46
46
48
46
46
46
46
46
46
47
47
46
49
48
50
48
47
46
47
46
47
46
46
46
46
46
46
48
46
46
46
47
48
46
46
46
46
46
46
46
46
46
46
46
46
46
46
46
46
46
46
46
46
46
46
46
46
46
46
48
48
48
46
46
46
46
46
46
46
46
47
46
46
47
46
46
48
46
46
46
46
47
46
46
46
46
46
46
46
46
46
46
48
46
46
46
48
50
48
46
46
48
46
46
46
46
46
46
48
48
46
46
47
46
46
46
46
46
46
46
46
46
48
48
48
46
46
48
46
46
47
46
46
46
54
46
46
46
46
46
47
48
46
46
46
48
46
46
46
46
46
46
46
46
46
46
46
46
46
46
46
56
46
47
46
46
52
46
46
46
47
46
46
46
46
49
46
46
46
46
47
46
46
46
46
47
46
46
46
46
49
46
47
46
46
48
46
46
46
46
46
46
46
48
48
46
46
46
48
46
48
48
46
46
47
46
46
46
46
46
48
46
46
46
48
46
46
46
46
46
46
46
46
46
48
52
46
50
46
48
48
46
47
48
46
47
48
46
46
46
46
46
46
46
48
46
46
46
46
46
46
47
46
50
46
49
46
46
48
46
46
46
46
48
46
47
48
46
46
46
54
55
54
47
46
46
46
48
47
46
46
46
46
50
46
46
46
46
46
47
46
46
46
46
46
46
46
47
50
48
48
46
46
46
46
46
46
49
46
47
48
46
46
46
46
46
46
50
46
46
47
48
46
48
48
46
46
46
46
46
46
46
46
46
47
47
48
46
46
46
46
46
46
46
48
46
48
46
46
46
46
46
48
46
46
46
47
46
47
46
46
46
48
47
46
46
47
46
46
46
46
46
46
46
47
50
46
46
46
47
46
46
47
46
46
47
46
49
48
46
46
46
46
46
48
46
46
46
46
46
46
46
46
46
46
48
46
46
47
46
47
46
46
48
46
46
46
54
46
46
46
46
46
46
46
46
46
48
46
46
46
46
46
46
47
48
48
46
46
46
47
46
46
48
46
46
48
48
46
47
46
47
46
46
46
46
46
46
46
46
46
48
46
46
46
46
46
46
46
46
46
46
47
46
50
46
46
48
46
46
46
46
46
46
48
46
48
46
46
46
46
46
46
46
48
46
46
47
46
46
46
48
46
47
48
46
46
46
46
46
46
47
46
46
47
46
44
46
48
46
48
46
46
46
46
47
46
46
46
46
46
46
46
46
47
46
46
46
46
48
46
46
46
46
46
46
46
46
46
46
46
47
46
46
46
46
46
46
46
47
46
46
46
46
46
54
46
46
46
48
47
46
46
46
48
46
48
46
46
47
48
48
46
46
46
46
46
46
47
46
46
48
46
46
46
46
46
48
46
46
48
46
46
46
46
46
46
46
46
46
46
46
46
46
46
46
49
51
46
50
48
47
46
48
46
47
47
47
46
46
49
47
46
46
46
46
46
48
46
46
49
51
50
46
46
46
46
46
47
46
48
47
46
46
46
46
46
46
47
46
48
46
46
46
46
46
46
46
48
48
46
48
50
46
46
49
46
46
46
47
46
46
46
46
46
46
51
46
46
47
46
47
46
46
46
46
46
46
46
46
46
46
48
48
46
46
46
46
46
48
46
47
47
46
46
46
46
46
46
46
47
48
46
46
46
46
46
46
47
48
46
46
46
46
46
46
46
46
46
46
48
46
46
46
47
46
47
46
46
46
47
46
46
46
46
46
46
46
48
46
46
46
46
46
47
46
46
46
46
46
46
46
48
46
46
46
46
46
46
46
46
48
46
46
48
49
46
48
46
46
46
47
47
46
47
46
48
48
46
46
46
46
46
46
46
46
46
58
46
46
46
46
46
47
46
47
48
46
46
46
47
46
47
46
46
48
46
46
47
46
46
46
46
46
46
46
46
46
46
46
46
46
50
46
46
46
46
46
46
46
48
46
46
46
47
46
46
46
46
46
50
46
48
48
46
46
46
46
46
46
46
46
46
46
47
46
48
46
46
48
48
46
46
46
46
46
46
46
46
46
46
48
46
50
46
46
48
48
46
46
46
46
47
46
46
46
46
48
48
46
48
46
49
46
46
46
46
47
46
47
46
46
46
48
48
48
46
46
46
46
46
46
46
46
46
48
46
46
46
48
46
46
46
46
48
46
48
46
46
48
46
46
48
46
47
46
46
47
46
48
49
46
48
46
47
46
46
46
46
46
46
46
46
46
46
50
48
46
46
46
46
50
46
49
46
46
46
48
46
46
46
46
46
46
46
48
46
47
46
50
46
50
46
46
47
46
52
46
46
46
46
46
46
46
46
46
48
46
46
48
46
46
46
47
46
46
46
46
46
46
46
46
46
50
46
48
46
47
46
46
46
47
46
53
46
46
48
46
50
46
48
46
50
46
48
46
46
46
46
46
46
46
46
47
47
46
47
46
48
46
46
46
47
46
48
46
46
48
46
46
48
46
46
46
47
46
46
46
46
46
48
50
46
46
46
47
46
46
46
46
46
48
46
47
46
48
48
48
48
46
46
48
46
46
46
52
47
46
48
46
46
46
46
46
46
46
46
46
46
46
46
50
46
46
47
46
51
46
46
46
48
46
46
46
46
46
46
46
46
46
46
54
47
46
50
46
46
46
47
46
46
46
46
46
46
46
46
46
49
46
49
46
46
46
46
46
46
46
46
46
48
46
50
46
48
46
46
46
46
46
48
46
46
48
46
48
46
46
46
46
46
53
46
46
46
46
48
48
46
46
46
48
46
47
44
46
46
49
46
46
46
46
46
48
46
48
46
46
47
46
46
46
46
52
46
46
50
46
46
46
48
46
46
48
46
46
46
47
46
46
46
46
46
50
44
44
46
46
46
46
46
44
46
46
48
46
46
46
46
46
48
46
46
46
46
46
46
48
48
49
47
46
48
48
46
46
46
48
47
46
46
56
46
46
48
46
47
47
47
46
49
46
46
46
46
46
46
46
46
47
46
46
46
46
46
46
46
46
48
50
48
48
46
46
47
49
46
46
46
46
46
48
46
46
47
46
46
46
46
47
46
46
46
46
46
46
46
46
48
48
46
47
47
46
46
46
46
46
46
46
46
46
46
48
49
46
47
46
46
46
46
46
47
48
46
46
46
48
46
47
46
46
46
46
46
46
46
46
46
47
46
48
46
46
56
46
46
46
48
48
46
46
46
46
46
46
48
46
46
48
46
46
46
48
46
48
46
48
47
46
46
46
47
46
46
46
46
46
46
46
46
46
46
46
46
46
46
46
46
46
48
46
47
46
47
46
46
46
46
47
46
46
46
46
47
49
49
46
46
46
46
48
46
46
46
48
46
46
46
46
46
46
46
46
46
47
46
46
46
52
46
47
48
48
47
46
46
46
46
48
46
46
48
48
47
46
46
46
46
48
49
50
46
46
46
48
46
46
46
46
47
47
46
46
48
47
46
46
47
46
48
46
46
46
52
47
46
46
46
46
48
46
46
46
46
46
46
46
47
48
46
46
46
46
46
46
46
46
47
46
46
46
47
46
46
46
46
46
49
46
46
46
46
46
46
46
48
47
46
46
47
46
46
47
46
46
47
48
47
50
46
46
46
48
49
50
46
47
46
48
46
46
46
46
47
50
46
48
47
46
46
46
46
48
46
50
47
46
48
46
46
54
46
50
46
51
47
46
47
46
46
46
46
46
46
48
47
46
46
46
47
46
46
46
46
48
47
46
50
46
48
46
49
48
46
46
46
46
48
46
46
46
47
46
46
46
46
46
46
46
46
49
46
46
46
46
47
46
47
46
46
48
46
46
46
46
47
46
49
48
46
46
49
46
54
46
48
46
47
46
47
46
46
48
47
46
46
46
46
46
46
46
46
46
46
46
52
46
46
46
48
47
47
46
46
46
46
48
46
46
50
46
46
46
47
46
46
48
46
46
46
46
46
48
46
46
46
46
47
46
47
46
46
46
47
47
46
48
46
46
46
46
46
46
46
46
46
48
46
49
46
46
47
46
46
47
46
46
46
46
48
46
46
46
46
50
46
46
46
46
47
46
46
46
46
47
51
46
46
46
47
49
46
48
47
49
46
46
46
46
53
50
46
46
46
46
46
46
46
46
46
50
46
46
50
46
47
46
47
46
46
48
46
46
46
46
46
48
46
48
46
46
47
47
46
47
46
46
48
46
50
47
46
46
46
46
46
47
46
46
47
46
46
46
48
46
46
48
46
46
46
47
48
47
46
48
46
46
46
46
46
46
46
46
46
46
48
46
46
46
46
46
46
46
49
48
47
46
48
46
50
46
46
46
48
48
46
46
46
46
46
46
48
46
46
46
46
48
46
46
46
46
46
46
46
46
46
46
46
46
46
46
46
46
46
47
44
46
46
46
46
46
46
48
46
46
46
46
46
46
46
46
47
46
50
46
46
46
46
46
46
46
46
46
46
46
46
46
48
48
46
47
47
46
46
47
46
46
47
46
46
46
46
46
48
46
46
47
46
49
47
46
48
48
48
46
46
46
46
46
46
47
46
46
46
46
47
46
46
46
50
46
46
47
46
46
46
48
46
46
46
46
49
46
48
46
46
48
46
46
47
46
46
46
46
46
48
46
46
46
46
48
48
48
46
46
46
47
46
46
48
46
47
46
46
46
46
47
46
46
46
48
46
46
47
46
46
47
46
47
46
46
47
46
46
47
46
46
46
51
48
48
46
48
47
46
46
47
46
46
46
46
48
52
46
46
47
46
46
46
46
50
47
47
46
46
47
49
46
47
46
46
46
46
46
48
48
47
46
46
46
46
46
46
46
46
47
52
47
49
46
48
46
48
46
46
46
46
46
46
46
46
46
48
46
46
46
52
46
46
46
46
46
46
46
46
46
47
46
46
48
48
47
46
46
46
46
46
46
46
46
46
46
47
48
48
46
46
46
47
48
47
50
46
46
46
49
46
47
46
47
46
47
46
50
46
46
46
46
46
46
52
46
46
46
46
46
54
46
46
46
52
46
48
46
47
49
47
46
46
46
48
46
46
46
47
46
46
46
46
46
46
48
46
46
46
46
49
46
46
46
47
46
46
46
46
46
46
46
46
47
46
46
46
46
46
46
46
46
46
48
46
46
46
47
46
46
48
46
46
46
46
46
46
46
46
47
52
46
48
46
46
46
46
46
46
46
46
46
46
46
51
47
46
50
46
46
47
46
46
50
46
46
47
46
46
46
47
50
46
46
46
46
46
46
46
46
46
46
46
46
46
46
46
46
48
46
47
46
46
46
46
46
46
46
46
47
46
46
46
46
46
48
46
46
46
48
46
46
48
46
46
46
46
47
48
46
46
47
51
46
46
46
46
46
47
47
46
47
46
46
46
46
46
46
48
46
46
48
46
47
46
46
46
46
46
52
46
47
46
48
50
46
46
48
46
46
47
46
46
46
46
46
46
46
46
46
46
47
46
47
54
46
46
46
46
46
46
46
47
46
46
46
46
48
46
46
46
48
46
46
46
48
46
46
46
46
46
46
46
46
46
46
46
46
46
46
48
46
47
47
46
46
47
47
46
46
46
46
46
50
46
46
46
46
46
46
46
46
46
46
50
46
48
47
46
46
46
46
46
49
46
47
46
46
46
46
46
46
46
46
46
46
46
46
48
46
46
46
47
46
47
46
56
46
46
46
47
46
48
46
47
48
46
46
46
46
46
46
46
46
48
46
46
46
46
46
47
46
46
47
46
46
46
46
46
46
46
49
46
46
46
46
46
46
46
48
46
46
47
48
46
46
48
50
46
47
46
46
46
47
46
46
46
48
49
46
46
46
46
48
46
46
47
47
46
47
48
47
47
46
46
46
48
46
46
48
46
46
46
47
46
46
46
46
46
46
46
48
46
48
49
49
54
48
54
46
46
49
48
46
46
46
48
46
46
46
49
46
48
46
46
46
46
46
46
47
47
46
46
53
46
46
46
48
46
48
46
46
46
46
46
46
46
46
46
46
46
46
48
47
46
48
46
46
47
46
46
46
48
46
46
50
48
46
46
46
46
46
46
46
46
48
46
48
47
46
46
55
46
47
46
47
48
48
48
46
46
46
46
47
46
46
46
46
47
46
46
46
46
49
46
46
46
46
48
46
48
46
47
48
46
46
47
46
50
46
46
46
46
46
46
46
46
46
46
46
46
46
46
46
46
46
46
46
46
46
46
46
48
46
46
46
48
47
47
46
46
48
46
46
48
46
51
46
48
46
48
46
46
48
46
46
46
46
46
46
48
48
46
46
48
50
46
48
47
47
46
48
48
46
50
46
47
48
46
48
46
46
46
50
48
47
46
46
46
46
46
47
46
46
46
46
46
46
46
46
46
46
48
46
46
47
46
46
46
46
46
46
48
46
48
49
51
46
46
46
46
46
46
48
48
46
46
46
46
47
46
47
50
46
46
46
46
46
46
46
48
46
46
46
46
48
47
46
46
46
46
46
48
46
46
46
46
52
49
47
47
46
46
46
48
46
46
46
46
46
46
48
48
50
47
49
46
46
46
46
46
46
46
46
46
48
46
46
46
46
47
46
46
46
46
46
46
47
47
46
46
46
46
46
46
47
46
46
46
46
46
46
46
51
48
46
46
46
50
48
46
46
47
46
46
53
46
46
48
46
46
46
46
46
46
47
46
48
46
46
46
46
46
47
46
48
46
46
46
46
46
46
46
46
47
46
48
46
46
48
46
46
46
46
48
48
47
46
51
46
46
47
46
46
46
46
46
46
46
46
46
46
46
46
46
48
46
46
46
46
47
47
48
46
46
49
46
46
46
46
46
46
46
47
46
46
46
46
46
46
46
46
46
46
48
50
46
46
46
46
46
48
46
56
48
46
46
46
50
46
46
46
47
46
48
50
48
46
47
48
46
46
46
47
46
46
46
46
46
49
46
46
54
47
46
46
46
46
46
46
46
46
46
46
46
46
46
46
46
49
48
47
46
50
46
46
50
46
46
46
46
46
46
47
46
46
46
48
46
46
46
46
46
46
46
46
46
54
46
46
46
46
46
46
48
47
46
46
46
48
46
47
46
47
46
46
50
48
46
46
46
46
46
46
46
46
48
46
46
46
48
46
47
46
46
46
46
46
47
47
48
46
46
46
48
46
46
46
46
46
48
46
46
46
50
46
48
46
48
46
46
46
47
52
46
46
46
47
46
54
46
46
46
46
46
52
48
48
46
46
48
48
46
46
46
48
53
46
46
46
46
46
46
46
46
47
47
46
46
46
46
46
48
47
46
48
46
46
46
46
48
46
48
46
46
50
46
46
46
46
46
46
46
46
46
48
46
46
50
46
46
46
46
46
46
46
49
49
46
46
46
46
47
48
46
48
46
46
47
47
46
46
46
46
46
46
46
46
46
46
46
46
46
46
46
46
46
46
46
46
46
46
46
46
48
46
46
46
48
48
46
47
46
46
47
46
46
46
46
46
46
46
46
46
46
46
46
46
46
47
46
46
49
46
48
46
47
46
46
46
46
46
46
46
46
46
46
48
46
46
46
47
48
46
46
46
46
46
46
47
46
46
47
46
46
46
46
46
50
46
46
48
48
46
48
46
46
49
46
46
48
48
46
46
46
46
48
46
46
48
46
46
46
46
46
48
48
48
46
46
46
46
46
47
48
47
46
46
46
46
49
46
47
46
49
47
51
50
46
46
50
48
46
46
47
48
48
46
50
46
47
46
46
47
46
46
46
47
47
46
47
46
46
46
47
46
47
46
46
46
46
48
47
48
46
46
46
46
46
46
46
46
46
46
46
46
46
46
46
46
49
46
46
46
46
46
46
46
48
46
48
46
46
46
46
46
46
53
46
47
46
46
46
48
46
46
48
46
47
46
46
46
46
46
47
46
48
46
46
46
46
46
46
47
46
46
47
46
46
46
46
48
48
47
47
46
46
46
46
49
46
46
46
46
46
47
46
47
46
46
46
46
46
46
46
46
46
46
46
52
46
48
47
46
48
47
48
46
46
46
46
46
46
46
46
46
46
46
46
46
48
47
46
47
46
46
48
46
46
46
46
47
46
48
46
46
47
47
46
47
46
48
48
46
48
46
46
48
47
46
46
47
46
46
46
46
46
47
47
46
47
46
48
47
46
46
48
47
46
46
46
46
46
46
50
46
46
46
46
46
46
48
46
46
46
49
46
54
46
47
47
50
48
46
46
46
52
48
48
46
48
46
46
46
46
46
47
46
46
46
46
46
48
46
46
46
46
46
46
49
46
46
48
48
46
46
46
46
52
47
46
53
46
46
46
47
46
48
46
47
46
48
46
46
46
46
46
46
50
46
46
46
46
46
47
50
48
47
46
46
46
47
46
46
48
47
46
46
46
46
46
47
46
46
47
46
48
47
46
46
48
46
46
47
46
46
46
46
46
46
46
46
46
46
46
46
48
46
46
50
48
48
48
46
46
46
46
46
48
49
46
48
46
46
47
46
46
47
46
48
48
46
46
48
46
46
46
46
48
46
47
46
46
46
48
46
46
46
46
48
46
46
46
46
48
46
46
48
54
50
46
46
46
51
48
46
46
46
46
47
46
46
48
46
46
48
46
46
46
46
46
46
48
46
46
46
46
46
48
47
48
46
46
46
46
46
46
46
46
46
47
46
46
46
46
46
48
46
46
46
46
46
46
46
46
46
46
46
48
46
47
46
46
47
46
46
46
46
47
48
46
46
46
46
46
46
46
46
47
46
48
48
48
46
46
48
46
46
48
46
46
46
46
47
46
46
48
46
46
46
46
46
46
50
46
46
47
46
46
46
46
48
46
48
47
46
46
48
46
49
46
46
46
46
46
48
46
46
47
46
46
46
46
46
47
48
46
46
46
46
46
46
46
46
46
48
47
46
46
46
46
46
46
48
46
46
46
46
46
47
49
46
46
46
46
46
48
47
46
48
47
46
46
46
47
46
47
46
46
46
52
47
47
46
46
50
46
47
48
46
46
46
46
46
47
46
46
46
46
46
46
47
47
48
46
46
46
48
46
46
46
46
46
48
46
46
46
46
46
47
46
47
48
46
46
47
48
48
46
48
48
49
46
46
46
46
46
46
46
46
46
46
46
46
48
46
46
48
48
46
46
46
48
46
47
46
46
47
46
50
46
46
47
46
46
46
46
47
46
46
46
46
46
46
46
46
46
46
46
46
46
46
47
48
47
46
46
46
52
48
49
46
46
46
46
47
47
46
46
46
46
46
46
46
46
46
48
54
46
46
46
46
48
47
46
46
46
47
47
46
46
46
46
46
48
49
46
46
46
46
46
46
46
46
47
46
46
46
46
46
46
46
46
46
47
46
52
47
46
46
46
46
46
48
46
53
48
46
46
46
48
46
48
46
46
48
48
46
46
46
46
46
46
46
46
46
46
46
46
46
50
46
46
46
46
46
46
46
48
46
46
46
47
46
46
46
46
46
47
46
46
46
48
46
48
48
46
46
48
46
46
50
46
46
46
46
48
50
50
46
46
48
46
46
46
46
46
46
46
46
46
47
48
48
46
46
46
46
47
46
46
46
46
47
48
46
46
46
46
46
48
46
46
48
46
46
47
46
48
46
47
46
46
47
46
46
46
46
46
48
46
46
46
47
46
48
48
48
47
46
46
46
46
46
46
46
46
47
48
46
46
48
47
46
47
46
46
46
46
46
46
46
46
46
46
46
46
46
47
46
46
46
46
46
48
46
46
47
48
47
46
46
46
46
46
46
49
46
46
46
46
46
46
46
46
46
46
46
47
46
46
46
46
50
46
46
48
46
46
46
46
46
46
48
46
50
48
46
46
46
48
48
46
48
47
46
46
46
46
46
46
48
46
46
46
46
47
48
46
46
46
46
46
46
48
52
47
48
46
46
46
46
46
46
49
46
46
48
46
47
48
46
46
48
46
46
48
52
46
54
46
46
46
46
46
46
47
50
46
46
46
46
46
46
46
48
46
46
48
46
46
46
46
46
46
47
46
48
52
46
46
46
46
52
48
46
46
49
46
46
46
46
46
46
46
48
46
46
46
46
46
46
47
46
46
46
46
46
46
46
46
49
48
48
49
46
46
46
46
47
46
46
48
46
46
46
48
47
46
47
46
46
47
46
46
46
47
47
46
46
48
46
47
46
46
46
46
46
46
46
46
46
46
54
52
46
46
46
46
46
46
46
48
46
48
48
51
49
46
46
46
47
46
48
47
47
46
46
46
46
47
51
46
46
46
46
46
46
46
46
46
46
46
46
46
48
47
46
48
46
48
49
48
47
46
47
46
48
46
46
46
46
46
46
46
47
46
46
46
46
46
46
46
46
46
46
46
46
46
47
46
48
46
50
46
46
46
47
47
48
46
46
46
46
47
46
47
46
46
48
48
46
46
46
46
46
46
46
46
46
46
46
48
46
46
48
48
46
48
48
46
46
46
47
46
46
48
46
46
47
46
48
46
46
46
46
46
47
48
48
46
46
46
46
46
46
47
46
48
46
46
47
46
46
47
48
46
48
46
46
46
50
46
47
46
46
46
46
48
46
46
46
46
46
46
46
46
48
46
46
48
46
46
46
46
46
48
46
47
50
48
46
46
46
46
46
48
46
46
46
46
46
46
46
46
52
46
46
46
46
46
46
47
46
46
46
46
46
46
50
54
46
50
48
47
46
46
48
46
48
46
47
46
46
46
46
46
47
46
46
64
48
46
46
46
46
46
47
46
46
50
46
46
46
46
46
47
46
46
46
50
49
46
48
50
46
52
46
46
46
46
46
47
48
46
46
46
46
46
46
46
48
52
46
52
48
46
48
46
46
47
47
46
46
46
47
46
46
48
48
49
47
46
46
46
46
46
50
46
54
46
46
46
48
46
46
46
48
46
52
46
46
46
46
46
46
46
46
46
48
46
48
46
46
46
46
47
46
46
46
46
46
46
46
52
48
46
46
46
46
46
46
46
46
46
46
46
46
46
48
46
46
47
46
46
47
46
46
46
46
46
46
46
48
46
46
46
47
48
46
46
46
46
48
46
50
46
48
46
46
46
46
47
47
46
56
46
46
47
46
46
46
46
46
47
46
46
46
46
46
48
47
47
46
52
46
47
46
46
48
46
46
48
50
48
46
52
47
46
46
46
46
46
46
46
46
46
46
46
46
46
46
49
46
46
47
46
46
46
48
46
46
46
46
46
46
47
46
46
46
46
46
46
46
46
46
48
47
46
48
54
48
46
46
46
50
46
46
46
46
46
48
46
46
46
46
46
47
47
46
46
46
46
47
46
46
46
46
46
46
48
46
47
48
46
46
46
46
46
46
46
47
46
46
46
46
49
48
46
46
46
46
46
46
46
46
46
48
46
46
50
46
46
47
46
47
46
46
47
46
46
46
46
46
46
46
46
46
46
46
48
46
46
46
46
46
48
48
47
46
46
50
46
46
46
48
46
46
46
47
46
46
46
46
46
47
46
46
46
48
48
46
46
47
47
46
46
46
46
47
46
47
46
48
46
46
50
46
46
52
46
48
46
46
46
46
47
46
46
48
46
46
46
47
46
47
46
46
46
46
46
46
51
46
48
50
46
46
46
46
46
46
46
46
46
49
50
46
46
46
46
46
46
46
46
46
46
46
46
47
46
46
46
46
46
46
46
46
47
46
46
47
46
46
46
46
47
46
46
46
46
47
48
46
46
46
46
46
46
47
46
46
46
46
46
46
46
46
46
46
47
46
46
46
46
48
46
46
47
46
46
46
46
47
48
46
46
46
46
46
46
46
47
46
46
49
46
46
46
46
47
46
47
46
48
46
46
46
46
46
46
46
48
46
46
46
46
46
46
46
48
46
46
46
46
46
46
46
46
47
46
46
46
50
46
46
46
46
46
48
46
46
47
46
46
48
46
46
46
46
46
46
46
46
46
46
46
48
46
46
46
46
46
48
46
48
48
46
46
46
47
46
47
46
46
46
46
46
47
46
46
46
46
46
46
46
48
46
46
48
46
48
46
46
46
47
48
46
46
46
46
52
48
46
46
46
46
47
48
46
46
46
46
46
46
46
46
46
46
48
46
46
46
46
46
48
47
49
47
48
46
46
46
46
46
46
46
49
47
46
46
46
46
48
48
46
46
46
46
46
47
49
46
46
48
47
46
46
46
46
46
47
46
46
46
46
46
46
47
46
46
46
46
48
47
46
46
47
46
47
48
48
46
46
52
46
46
46
46
46
46
46
46
47
46
47
48
46
46
46
48
46
50
46
49
48
46
46
45
46
46
46
46
48
46
46
47
48
46
46
46
46
47
46
48
46
46
46
50
46
48
46
47
46
49
46
46
46
46
46
46
48
48
46
46
46
46
47
48
46
49
46
46
47
47
46
54
47
48
47
46
46
48
46
46
46
46
46
46
46
49
46
46
46
47
46
47
46
46
46
46
46
46
46
46
50
46
46
46
46
46
46
46
48
46
46
46
46
46
46
46
47
46
55
46
47
46
46
46
46
48
46
46
46
52
46
46
46
47
46
47
46
48
46
46
46
46
48
46
46
46
46
46
46
47
48
46
47
46
46
46
46
48
46
46
46
46
48
47
46
46
47
46
46
46
47
46
46
46
48
47
46
46
46
46
46
48
46
46
46
46
46
46
46
46
46
46
46
46
46
46
46
47
46
46
46
46
46
46
47
46
46
47
46
47
47
46
49
46
47
46
46
48
48
46
46
46
46
46
46
47
46
49
46
46
46
50
48
47
46
46
48
46
46
46
47
47
46
46
46
46
48
46
46
46
46
47
46
48
46
46
48
48
46
46
50
46
46
46
46
46
46
52
46
46
46
47
46
46
46
46
46
46
46
46
46
46
46
48
46
47
46
46
46
46
46
46
46
46
46
48
46
46
46
47
46
46
46
46
46
47
46
47
46
46
46
46
46
46
46
46
46
47
46
46
46
46
49
46
46
46
46
46
46
46
46
46
48
46
46
46
46
47
46
46
46
46
46
46
46
46
49
46
46
46
46
46
46
46
47
48
46
48
46
47
46
46
46
46
46
46
48
47
46
46
48
46
47
46
47
47
48
46
47
46
46
46
46
47
46
46
47
46
46
46
50
46
46
47
46
46
46
46
46
46
46
46
46
46
46
47
46
46
46
48
46
46
46
46
46
46
47
46
46
46
46
47
46
46
48
46
46
46
47
46
47
46
48
46
49
46
46
48
46
48
46
46
46
46
46
46
46
46
46
46
47
46
46
47
46
46
46
46
50
46
50
46
46
46
48
47
46
46
46
46
50
47
47
52
46
48
46
48
46
49
47
46
46
46
47
47
46
46
46
46
46
46
46
50
46
54
46
46
46
46
48
46
46
46
49
47
46
46
48
46
46
46
46
46
48
47
46
48
47
46
46
46
52
46
46
46
46
46
46
48
46
46
46
46
46
47
46
46
46
46
46
46
46
46
46
46
46
46
53
46
47
46
46
49
46
46
46
48
47
46
47
49
54
46
46
47
46
46
46
46
46
49
48
46
47
46
46
46
46
46
46
46
47
47
48
46
46
46
46
46
46
46
46
48
46
47
47
46
46
46
46
46
46
46
46
46
46
46
46
48
46
46
46
46
46
46
48
47
46
46
46
47
47
46
46
46
46
46
46
47
46
46
46
48
46
47
46
47
46
46
46
48
47
46
46
46
47
46
46
47
46
46
47
47
46
47
46
46
46
46
49
46
46
46
46
46
46
46
46
46
46
46
46
46
46
47
46
46
46
46
46
46
46
48
46
46
46
46
46
46
46
48
46
46
46
48
46
46
48
46
47
46
47
46
46
46
46
46
46
46
48
48
46
46
47
48
48
46
46
47
46
46
46
46
46
46
46
48
48
46
46
46
49
46
46
46
46
46
46
46
48
46
47
46
46
46
47
46
46
46
46
46
46
46
47
46
46
46
46
46
46
46
46
46
46
46
46
46
50
47
46
46
46
46
48
48
46
46
46
46
48
46
48
48
46
47
46
50
46
47
46
48
46
46
46
46
46
48
47
48
52
46
46
46
46
48
46
46
46
47
46
46
46
46
50
46
46
46
47
46
46
46
48
46
46
52
46
50
46
46
46
46
47
46
48
48
47
46
46
46
46
46
48
46
46
48
46
46
46
48
46
46
49
46
51
46
48
46
46
49
46
46
46
46
46
47
47
46
46
46
46
46
48
46
46
46
48
46
48
46
46
46
46
46
46
48
46
46
46
47
46
46
46
46
46
46
46
46
46
48
47
46
48
46
46
46
46
46
46
46
46
48
46
46
46
46
46
46
46
46
46
48
46
46
46
46
47
46
46
52
46
46
46
46
46
46
46
46
46
46
47
46
47
47
46
46
46
46
46
46
46
47
46
47
48
46
47
49
47
48
46
46
48
46
46
46
48
47
46
48
46
46
46
46
46
46
46
46
46
52
47
46
46
46
46
47
46
46
47
46
47
47
46
46
46
46
46
47
48
48
48
49
46
46
46
46
46
46
46
46
46
46
46
48
46
46
46
46
46
46
46
48
48
46
46
46
47
47
46
46
46
46
46
46
46
46
46
49
47
47
50
46
46
46
46
47
46
47
46
46
46
46
46
46
46
46
46
52
47
48
46
46
47
46
48
46
46
46
46
46
46
46
48
46
46
46
46
46
47
48
46
47
46
46
48
46
46
46
52
47
46
46
46
46
46
48
46
46
46
46
46
48
46
46
48
46
46
46
46
46
46
53
46
46
46
47
46
47
46
46
46
46
46
46
49
46
46
46
48
46
46
48
48
46
48
46
46
46
46
46
46
46
46
47
50
46
46
46
46
46
46
46
46
46
46
46
46
46
46
46
46
46
46
46
47
47
46
49
46
46
46
46
46
46
46
46
47
48
46
46
46
46
46
46
46
46
46
48
46
52
46
49
46
46
49
46
46
46
46
47
46
46
46
50
48
48
46
46
46
46
46
46
47
46
46
47
46
46
46
46
46
46
46
46
47
46
46
46
46
49
46
47
46
46
46
46
49
54
46
46
46
46
46
46
46
48
49
46
46
46
46
46
46
46
46
46
46
47
47
46
46
47
49
46
46
46
55
48
46
46
48
46
46
46
46
46
46
48
46
46
47
46
46
49
46
46
48
46
46
46
46
47
46
46
46
47
50
46
46
46
46
46
46
46
46
46
50
46
46
46
46
46
46
46
46
46
46
46
46
46
46
46
46
48
48
46
46
46
52
46
46
46
46
46
46
46
47
46
46
46
47
48
46
46
46
46
46
46
46
46
49
46
46
46
46
46
46
46
46
46
48
47
48
46
46
46
46
47
47
46
46
46
48
47
48
47
48
47
46
46
48
46
47
51
46
48
46
48
47
46
46
47
48
46
46
48
48
46
46
46
48
46
46
46
47
46
48
48
46
46
46
46
46
46
46
46
46
46
46
46
46
46
46
46
46
46
47
46
46
46
46
46
46
46
46
46
46
46
46
46
46
46
46
47
46
46
47
48
46
46
46
46
46
46
46
46
46
46
48
46
47
46
46
47
46
48
46
47
46
46
46
46
46
46
48
46
46
46
47
46
46
46
48
46
47
46
46
48
46
48
46
46
46
46
46
47
47
46
46
46
46
46
46
46
46
46
46
47
46
46
48
46
46
48
46
48
46
46
46
46
46
46
49
46
46
47
46
46
48
46
46
44
44
44
46
46
47
46
46
46
46
46
46
46
46
46
46
46
46
48
46
47
46
48
46
46
46
46
47
47
46
48
46
46
46
46
46
48
46
50
47
48
46
46
46
46
46
45
44
46
46
46
46
46
46
47
46
46
44
46
46
46
47
46
46
46
46
46
48
48
47
48
46
46
46
48
46
46
46
46
46
46
46
46
46
48
46
46
47
46
47
46
46
46
48
46
46
46
46
47
47
49
48
49
48
46
46
46
46
47
46
46
46
46
46
48
46
46
46
46
48
46
46
52
46
46
47
47
46
48
46
44
46
49
46
47
46
48
46
52
46
46
47
46
46
46
46
46
48
47
48
46
46
46
46
46
46
46
46
46
46
46
46
46
46
44
46
46
46
46
47
46
46
50
46
46
48
48
46
46
46
46
46
48
47
46
46
46
48
46
46
46
50
46
46
50
46
46
46
47
48
47
46
46
47
46
46
52
48
49
48
46
46
46
47
46
46
46
47
48
47
46
49
48
46
52
46
49
46
46
46
48
46
46
46
46
46
46
46
46
48
46
46
46
46
48
46
47
46
47
46
46
48
46
46
44
46
44
46
44
44
46
46
44
47
46
48
46
46
46
46
46
46
46
46
47
46
46
47
47
46
46
48
49
46
47
46
46
46
46
48
46
47
44
50
46
47
48
48
46
55
46
46
46
50
46
46
46
46
46
46
46
46
46
46
46
46
46
46
47
52
46
46
48
46
48
47
46
46
46
46
46
46
46
51
47
46
46
48
48
46
46
46
47
46
46
46
50
46
46
48
46
48
46
46
46
46
46
48
46
46
46
46
46
46
46
46
46
46
46
48
46
46
47
46
48
46
47
46
49
46
48
46
47
46
46
46
46
46
46
46
46
48
48
46
46
46
46
46
46
46
46
46
48
48
46
46
46
46
54
48
46
47
46
46
46
46
46
46
46
46
46
46
47
46
46
46
47
46
46
46
46
46
48
46
52
46
46
47
46
47
46
46
46
49
46
46
46
46
47
46
46
46
46
46
46
46
46
46
46
48
47
48
46
46
46
47
46
56
48
46
46
47
46
47
46
46
46
48
44
46
46
46
48
46
46
46
47
46
46
46
47
46
46
46
47
47
46
46
46
46
47
46
48
46
46
49
46
48
46
46
47
48
46
46
48
47
46
46
46
47
48
47
46
49
46
46
46
46
46
46
46
46
46
46
47
46
50
46
46
46
46
47
46
46
46
46
46
46
46
47
47
48
50
46
47
50
46
48
48
46
46
46
46
46
49
46
46
48
46
46
49
46
46
46
46
46
46
48
46
46
55
46
46
46
49
47
55
47
47
46
46
44
46
48
46
46
46
46
46
46
44
44
44
48
44
46
46
46
46
44
46
46
46
47
46
46
46
46
46
50
46
48
44
47
46
46
47
46
46
48
50
46
48
46
46
49
46
46
50
46
48
46
46
48
46
46
46
46
46
47
46
46
47
47
48
46
46
46
46
46
48
47
46
46
47
49
52
46
46
46
46
46
47
47
46
46
46
48
48
49
46
46
47
46
48
46
46
46
46
47
47
46
48
46
48
46
47
46
48
46
48
47
46
46
46
46
46
46
48
48
46
46
46
47
48
46
46
46
46
47
48
50
46
48
46
48
46
47
46
46
46
46
46
46
52
46
46
46
48
46
46
46
48
46
46
45
46
48
44
46
46
46
48
48
48
47
47
46
48
47
46
46
46
46
48
46
46
46
46
46
46
46
46
46
45
46
46
46
47
46
45
46
46
46
48
46
46
46
46
46
46
46
48
47
46
46
50
48
46
47
46
46
47
46
48
46
46
47
47
46
47
47
50
49
46
50
46
46
46
48
46
46
46
46
44
48
49
47
46
48
46
47
46
46
46
46
46
48
46
46
47
47
46
46
46
46
48
46
47
46
48
46
48
50
46
46
46
47
46
46
46
45
46
47
46
46
47
47
44
48
46
46
46
46
46
46
47
46
49
47
48
46
46
46
44
48
47
46
46
47
47
46
46
46
46
46
48
48
48
46
46
46
46
44
47
46
48
46
46
47
46
46
44
44
46
44
46
48
46
46
46
48
46
46
46
46
47
46
48
46
47
46
46
46
46
47
46
46
48
46
48
46
46
46
47
46
47
46
46
46
46
46
47
46
47
47
47
46
46
46
46
47
46
48
46
46
46
44
46
46
46
48
46
46
46
46
48
46
47
48
46
46
46
48
46
47
46
48
46
44
44
44
46
47
46
46
53
46
46
48
47
46
46
48
47
46
46
46
47
46
46
46
47
46
46
46
46
46
45
46
46
46
49
47
46
48
46
46
46
46
46
46
48
47
47
46
46
50
50
46
46
47
46
46
48
52
46
46
47
46
46
47
48
46
47
46
46
48
46
46
50
46
52
48
47
46
46
48
46
46
46
48
46
48
46
47
48
46
46
46
48
46
46
48
46
46
46
47
46
46
47
47
48
46
46
46
47
46
46
47
48
48
45
47
46
52
47
46
46
48
53
46
48
48
46
46
44
46
46
46
47
47
45
46
46
46
50
47
46
46
46
46
46
46
48
46
46
46
52
48
46
46
46
46
46
46
46
46
46
46
47
46
48
46
46
46
48
46
46
46
46
46
46
46
46
46
46
47
46
46
46
46
46
46
46
46
46
46
46
46
46
47
46
48
46
48
46
46
48
48
46
48
47
46
46
46
46
48
46
46
50
46
48
46
47
46
46
48
47
48
46
46
46
46
46
46
49
46
46
46
47
46
44
50
46
46
46
48
46
46
46
46
46
47
47
46
46
44
46
46
46
48
44
48
46
48
47
46
45
46
46
46
46
46
46
50
46
46
46
46
46
47
47
46
46
44
44
44
48
44
47
44
46
44
44
46
46
46
47
48
46
46
51
46
48
46
44
46
46
46
48
47
46
46
47
44
46
44
46
49
50
46
47
46
46
46
46
46
48
46
46
46
47
46
46
46
46
54
46
46
47
44
46
46
44
44
46
46
46
46
46
46
47
47
46
46
46
46
46
46
46
48
47
47
46
46
46
46
48
46
46
46
46
46
48
46
47
46
46
46
49
47
46
46
47
46
46
46
46
46
46
46
46
46
46
46
46
46
46
46
46
46
46
46
44
47
44
46
46
48
44
46
44
44
44
46
45
44
46
46
46
44
46
46
46
44
44
44
44
45
48
44
44
44
44
44
46
46
44
44
44
46
44
44
44
44
44
47
46
48
46
46
46
46
46
46
46
46
46
44
45
46
44
47
44
47
46
48
48
46
48
46
44
46
46
46
46
44
46
46
48
47
46
44
46
46
46
46
44
46
46
46
46
46
46
46
47
47
50
46
46
46
46
46
46
47
46
46
46
47
50
46
46
46
47
46
47
46
46
46
44
52
48
48
46
46
46
46
46
47
46
44
44
46
46
44
46
46
46
48
46
46
47
46
46
46
45
46
46
46
46
48
52
44
46
46
46
46
46
50
46
46
46
50
46
44
46
44
44
44
46
44
44
44
44
44
44
47
46
46
47
44
44
44
46
47
48
44
46
46
44
44
44
46
44
46
44
46
46
44
44
45
47
44
44
46
44
44
44
44
44
44
46
44
46
46
46
44
46
46
46
46
48
44
46
44
44
44
44
46
46
44
44
46
44
47
46
46
46
45
48
46
46
44
44
46
46
46
46
44
46
46
48
46
49
49
44
44
44
44
44
44
44
44
47
45
44
44
44
44
44
44
44
46
44
46
44
46
44
44
44
45
44
44
44
44
44
44
44
44
44
44
44
44
44
44
44
44
44
50
46
44
44
45
45
46
44
44
46
44
52
47
48
44
44
44
44
44
49
45
44
44
44
44
44
46
44
50
44
46
44
47
44
52
44
45
44
44
44
44
44
46
51
44
48
44
44
44
44
44
44
45
44
44
44
44
49
44
44
44
44
44
44
44
44
44
44
45
44
44
44
45
44
44
44
44
44
44
44
46
44
46
44
45
44
44
44
45
44
44
48
44
44
44
44
44
52
44
47
44
44
44
44
44
44
46
44
46
44
46
44
44
44
44
44
44
44
44
44
51
45
50
44
44
48
44
44
44
46
44
44
50
46
46
44
44
44
44
44
45
44
44
44
46
44
45
44
50
44
44
44
44
46
44
44
44
45
46
44
44
44
45
44
44
44
46
44
46
44
44
44
44
46
44
44
44
45
46
44
46
45
45
44
44
44
44
44
44
44
44
46
44
44
45
44
44
44
44
44
44
44
44
44
52
44
44
45
44
44
44
44
44
44
48
45
44
47
44
44
44
44
44
44
44
46
45
45
45
44
44
44
44
44
44
44
44
44
45
45
44
46
46
44
44
47
44
47
46
44
44
44
44
46
45
52
44
44
44
46
44
44
44
44
44
44
46
44
44
44
44
46
44
48
44
44
48
44
44
44
44
44
44
44
46
44
45
52
44
44
44
44
45
44
44
44
44
44
46
44
44
44
45
44
44
47
44
46
44
44
44
44
44
45
44
44
44
44
45
44
44
44
46
44
44
44
44
49
44
44
44
44
44
44
44
46
44
44
44
44
44
44
44
46
46
45
44
46
44
44
44
44
45
44
44
46
44
44
44
50
46
45
44
46
44
45
44
45
44
48
44
44
46
44
44
44
44
46
45
45
44
44
45
46
45
45
44
44
44
44
44
46
46
44
44
44
44
44
48
48
54
44
46
44
44
46
44
44
44
44
44
44
44
46
46
44
44
44
44
44
44
45
44
44
44
44
44
44
44
44
44
46
44
45
45
44
46
45
44
44
44
45
50
44
44
44
44
45
49
44
44
44
44
44
46
46
44
44
44
44
44
45
45
44
44
44
45
45
44
44
44
44
45
46
44
46
44
46
44
44
45
44
44
44
44
44
44
44
45
44
46
44
44
46
44
44
44
44
44
44
46
45
44
44
45
44
44
44
44
44
44
44
44
46
44
44
44
44
46
46
44
44
45
48
46
44
46
44
44
46
44
44
44
45
44
44
46
46
46
44
44
44
44
44
44
44
44
45
44
44
44
44
44
44
45
49
44
44
44
44
44
44
44
44
46
44
46
44
44
44
46
44
44
44
44
44
44
44
46
44
44
44
44
44
44
46
44
44
44
44
44
45
44
44
46
44
44
44
44
44
44
45
44
47
45
47
44
46
44
44
44
46
44
44
44
47
44
44
44
45
52
44
45
44
44
46
44
44
44
44
44
44
45
44
44
44
46
44
44
44
46
49
44
46
44
44
50
44
46
46
44
44
44
44
44
44
48
44
44
44
44
46
45
44
44
44
44
44
44
44
44
44
44
44
44
46
44
44
46
44
46
44
44
44
44
44
44
44
44
44
44
44
46
44
44
44
44
48
44
44
45
44
44
45
44
44
44
44
44
44
44
44
44
44
44
47
44
46
44
44
47
51
52
45
44
44
45
46
44
44
44
44
44
44
44
44
44
45
46
44
44
44
44
44
46
44
44
44
44
44
44
47
48
44
44
44
44
44
44
46
44
44
44
46
44
45
44
44
44
44
44
45
45
44
45
45
44
44
44
44
44
45
44
44
44
44
44
44
44
48
44
44
44
46
44
44
44
44
44
44
44
44
44
44
44
44
45
45
44
52
44
44
46
45
46
44
44
44
44
44
44
46
45
44
46
44
44
46
44
44
44
44
44
45
45
44
44
45
44
45
45
45
44
44
44
44
44
44
45
44
46
44
46
44
50
44
47
44
44
44
44
44
46
44
44
44
49
44
44
44
44
44
44
46
44
45
45
44
45
46
44
44
44
44
44
44
44
44
44
46
44
44
46
44
44
44
44
45
44
45
44
44
44
44
44
44
44
44
46
45
44
44
44
45
44
44
44
44
45
44
44
47
45
44
44
44
44
44
46
44
44
44
44
44
54
44
44
44
44
44
44
44
44
44
44
44
44
45
44
44
44
44
44
44
45
47
44
45
48
44
45
44
44
46
45
46
44
44
46
44
44
44
45
44
44
44
44
44
44
44
44
44
44
44
44
44
44
44
44
45
44
46
45
44
44
44
45
46
44
44
44
44
44
46
44
44
45
44
46
44
46
44
44
44
44
44
47
44
44
44
44
44
46
44
44
44
44
44
44
45
44
44
44
45
45
44
44
44
46
44
44
44
44
45
45
45
44
46
44
44
44
44
44
44
44
46
44
46
44
44
44
44
44
46
44
45
46
44
44
44
44
44
46
44
44
45
44
44
44
44
44
44
44
44
44
45
44
44
50
44
44
44
46
44
44
44
44
44
44
44
45
44
45
45
44
48
44
44
44
44
44
44
44
44
45
44
45
44
45
44
44
44
44
45
44
44
45
46
44
45
47
44
44
44
44
46
44
44
46
44
44
44
45
44
44
44
44
44
44
47
44
44
44
44
44
44
44
44
44
44
45
44
44
44
44
44
44
44
45
44
44
44
44
44
45
44
46
44
46
46
44
44
44
44
44
46
44
44
46
44
44
45
44
44
44
45
44
44
44
46
45
44
46
44
44
44
50
44
44
45
45
44
45
44
46
44
44
45
44
46
44
44
44
44
44
45
47
44
44
45
44
51
44
44
44
44
44
44
45
44
44
44
46
44
47
44
44
45
44
44
44
46
44
44
44
44
44
46
44
44
44
44
44
44
44
45
44
45
48
44
44
44
44
46
44
44
44
44
44
45
44
46
44
44
44
45
45
44
44
44
44
44
45
44
45
44
44
44
46
44
44
44
44
44
44
44
44
46
46
44
48
44
44
44
44
44
44
44
44
45
47
44
44
44
44
44
45
44
46
45
44
44
45
44
44
44
44
44
44
44
44
44
45
44
45
44
45
44
44
44
45
44
49
45
44
44
44
46
44
44
46
44
44
44
44
44
44
44
44
44
44
46
44
44
44
44
46
44
44
46
45
44
44
44
44
44
44
46
44
44
44
44
44
44
48
44
44
44
44
44
44
45
44
48
44
44
44
44
44
44
44
44
46
44
44
44
44
47
46
46
44
44
52
46
44
46
44
46
44
50
45
44
44
46
44
44
44
44
44
44
44
44
44
44
44
44
44
46
44
44
44
44
46
44
46
45
44
44
44
44
48
44
46
44
44
44
44
44
44
44
44
44
46
45
44
46
44
44
44
44
44
44
45
44
44
44
44
45
44
44
44
46
44
44
44
45
44
44
44
44
46
44
44
