-800
-800
-800
-800
-800
-800
-800
-800
-800
-800
-800
-800
-800
-800
-800
-800
-800
-800
-800
-800
-800
-800
-800
-800
-800
-800
-800
-800
-800
-800
-800
-800
-800
-800
-800
-800
-800
-800
-800
-800
-800
-800
-800
-800
-800
-800
-800
-800
-800
-800
-800
-800
-800
-800
-800
-800
-800
-800
-800
-800
-800
-800
-800
-800
60
-800
171
-800
-800
-800
59
-800
-800
-800
-800
-800
-800
-800
-800
-800
-800
362
-800
124
-800
363
-800
354
-800
-800
183
309
521
-800
428
473
-800
39
48
-800
388
-800
-800
-800
173
368
-800
457
416
27
-800
-800
-800
-800
303
244
38
-800
-800
444
-800
389
-800
-800
215
-800
-800
-800
190
-800
-800
72
46
-800
78
-800
304
158
-800
-800
-800
-800
-800
430
226
-800
-800
411
142
68
93
-800
-800
-800
-800
-800
-800
-800
-800
104
-800
19
280
-800
185
152
178
321
68
194
300
256
284
245
-800
416
276
228
-800
-800
-800
-800
-800
-800
-800
-800
-800
42
-800
-800
-800
-800
-800
-800
-800
-800
-800
156
363
-800
-800
-800
-800
-800
-800
-800
270
-800
423
25
-800
-800
430
-800
243
-800
428
392
-800
-800
220
74
574
241
246
-800
452
112
163
280
165
-800
493
324
-800
479
67
598
-800
475
-800
-800
-800
-800
-800
-800
402
-800
303
436
112
266
448
462
472
256
-800
495
348
630
576
388
468
486
565
385
-800
525
575
528
518
296
61
268
417
488
518
388
499
438
429
-800
-800
631
628
445
-800
477
301
-800
487
425
-800
523
459
605
249
472
567
336
291
322
375
295
446
477
443
510
-800
-800
599
412
-800
181
-800
212
370
638
381
468
-800
-800
296
626
220
179
-800
494
601
-800
243
486
620
594
414
420
563
599
559
658
488
559
710
453
231
642
645
426
652
647
611
453
644
-800
525
645
661
682
454
544
538
643
416
466
527
630
620
495
374
636
547
591
650
570
638
187
642
640
573
641
657
647
655
670
660
658
581
385
533
617
675
629
685
434
564
611
473
657
546
565
635
661
658
602
621
580
629
683
610
595
546
641
576
652
679
542
615
549
490
633
525
617
629
-800
61
609
660
653
683
662
543
604
587
614
693
611
643
639
665
480
590
656
675
523
678
655
568
676
658
658
690
479
608
694
661
676
593
652
645
692
700
698
615
637
602
655
554
571
609
628
648
360
679
615
601
608
642
649
652
698
695
640
702
697
550
473
685
631
653
694
649
632
622
622
620
-800
692
346
537
599
675
568
610
648
613
636
387
617
519
631
693
605
676
642
708
649
692
654
627
644
711
651
674
579
660
604
712
673
644
675
645
643
661
632
594
614
621
456
632
596
632
666
610
552
681
497
404
592
632
598
378
659
616
678
621
686
675
598
644
591
645
562
692
686
633
648
718
621
587
593
613
644
551
598
702
653
612
626
668
597
648
642
581
558
617
657
636
697
648
481
702
618
552
611
610
636
665
646
651
627
695
656
682
686
621
630
650
706
646
-800
620
596
676
524
655
693
686
706
641
695
619
582
651
687
719
675
661
672
712
592
683
667
675
710
716
642
680
690
691
635
598
670
595
576
588
656
650
635
552
565
653
490
591
621
347
691
574
671
632
705
690
679
654
637
645
656
634
706
712
681
694
669
675
693
595
689
639
613
682
724
702
660
714
661
660
658
677
665
683
667
671
707
643
693
713
461
674
688
669
541
715
668
681
670
631
620
648
614
687
717
667
664
631
504
682
646
-800
733
651
586
651
709
674
642
701
714
682
671
695
696
705
670
623
639
-800
626
645
624
684
693
642
678
692
669
521
688
396
537
660
711
660
659
645
621
614
671
602
647
540
397
649
690
587
510
614
639
671
574
671
671
674
691
610
658
647
699
691
725
648
668
643
705
689
663
680
679
700
698
709
725
716
697
662
635
704
684
617
716
703
641
706
682
707
702
614
694
680
708
655
654
686
675
649
668
709
711
695
711
700
674
665
723
725
688
711
684
612
689
729
698
720
731
665
699
673
629
670
725
716
668
710
733
724
665
694
720
700
677
707
642
709
703
668
691
693
699
671
704
654
690
641
605
604
669
683
714
629
646
635
628
666
471
636
589
690
705
677
646
652
732
691
627
685
600
709
704
677
702
675
638
644
342
652
649
613
715
692
613
698
718
645
622
652
675
703
722
-800
644
662
654
686
689
701
740
664
676
717
730
717
643
667
630
717
705
650
701
422
659
666
741
596
648
651
695
746
696
712
717
702
665
737
722
669
710
718
718
708
728
708
680
-800
644
720
711
720
720
695
674
699
726
724
687
728
685
721
682
730
728
669
676
721
713
710
707
699
672
732
707
681
699
720
707
742
700
732
706
720
663
686
689
709
719
702
715
659
701
731
700
707
664
719
683
718
710
712
711
712
745
676
649
675
709
730
648
692
726
695
717
722
690
724
716
713
694
726
599
711
714
705
729
722
679
687
722
704
687
693
726
645
716
704
528
695
675
719
742
740
722
703
727
715
586
600
673
738
731
724
729
742
726
721
649
705
739
721
706
693
624
677
741
731
737
735
737
729
739
735
714
733
728
710
719
743
728
743
696
731
707
718
737
697
707
742
736
734
704
730
731
742
714
731
745
737
726
749
728
740
739
745
711
739
707
745
721
738
712
716
724
735
735
730
728
728
719
706
703
730
732
704
701
732
744
730
655
706
739
740
726
716
739
741
703
678
748
726
717
707
735
740
743
689
737
743
750
661
732
728
741
737
735
720
706
718
741
729
742
722
724
730
711
741
728
721
730
748
735
746
746
728
715
740
745
725
743
738
735
730
746
740
729
748
736
740
705
741
730
734
744
717
699
723
734
738
740
752
716
719
736
717
745
734
736
739
657
731
722
736
702
746
729
730
741
740
732
743
721
727
718
747
726
724
734
723
750
740
750
723
730
738
730
745
716
742
739
734
725
747
709
719
732
735
728
741
743
727
711
746
735
742
740
749
749
737
745
746
737
746
747
734
743
732
743
734
743
739
749
744
734
748
737
732
743
735
731
743
727
732
737
746
737
752
749
742
730
739
736
736
746
746
726
740
716
748
736
734
737
744
751
748
726
742
750
731
745
741
720
737
739
739
749
749
715
748
748
748
748
742
745
752
747
736
732
747
751
753
739
735
727
745
745
742
744
750
746
748
740
739
745
746
749
745
744
741
746
745
750
742
742
733
739
740
695
752
713
744
746
750
733
751
738
745
732
744
743
750
745
722
754
742
748
741
750
743
684
735
740
729
737
740
747
743
747
752
742
748
747
745
742
748
739
729
748
746
746
727
752
738
750
750
730
739
739
741
734
753
748
748
751
750
720
742
747
724
752
751
747
736
754
730
737
744
744
723
748
747
747
742
743
750
743
749
750
740
739
752
746
754
747
749
740
745
748
748
750
743
735
744
750
748
742
750
705
745
746
729
739
721
745
743
735
741
748
746
733
745
744
746
737
678
744
740
745
738
746
696
725
714
734
740
743
740
736
748
741
741
746
750
745
709
683
726
743
741
731
740
746
724
747
716
717
726
281
622
648
746
724
736
744
738
747
668
654
602
322
698
613
731
739
727
599
746
750
696
739
738
738
728
735
749
726
713
745
685
742
728
739
736
740
701
730
748
745
749
744
746
746
728
728
747
741
691
735
748
737
727
709
727
740
654
715
749
699
715
747
741
707
719
718
634
718
746
726
750
712
750
747
727
740
746
744
725
600
726
708
734
623
498
740
722
738
744
724
739
735
738
736
736
750
733
685
738
731
668
732
650
744
715
734
718
689
693
657
658
684
731
670
733
745
731
721
738
729
750
744
748
738
748
609
-800
-800
709
187
664
733
700
742
745
736
724
742
746
748
671
747
741
748
734
743
746
748
722
734
734
740
746
746
487
692
691
743
739
747
711
492
172
555
589
680
689
697
706
713
733
634
562
595
730
676
740
710
748
727
746
746
747
680
748
732
735
692
681
739
737
747
734
743
730
709
724
747
737
746
666
637
735
725
528
694
698
714
591
643
652
628
699
680
679
719
584
724
625
668
567
607
450
435
693
683
747
659
613
676
462
741
648
452
156
572
742
673
345
637
-800
-800
-800
-800
-800
-800
-800
-800
468
732
593
728
608
741
726
740
742
700
653
708
746
747
748
739
464
742
727
748
746
745
744
734
605
748
704
678
604
748
746
746
738
747
748
748
747
746
748
748
746
748
746
746
748
745
747
744
748
746
745
747
748
748
748
744
743
744
747
749
747
745
746
750
748
748
743
750
745
742
747
749
749
735
338
337
750
748
750
704
739
744
732
727
744
748
740
626
701
707
750
585
672
746
724
400
726
691
742
705
744
324
727
714
750
748
711
748
741
750
749
738
737
750
750
750
747
741
729
727
738
747
647
336
743
718
716
746
750
749
750
739
723
750
736
750
743
743
748
750
750
747
750
750
750
748
750
750
750
743
746
748
750
743
749
748
750
746
744
749
750
750
750
748
744
746
750
748
748
749
750
745
748
740
747
748
748
746
750
746
738
741
741
746
748
750
748
748
743
746
750
748
737
746
750
750
749
750
732
750
746
746
749
746
748
735
737
746
738
749
748
750
746
747
750
729
746
750
750
746
741
748
742
750
739
744
745
722
746
734
750
750
745
750
746
750
742
748
750
739
747
748
750
749
750
742
745
748
747
750
747
748
737
748
749
746
750
710
727
747
739
748
748
749
726
747
728
727
736
720
719
742
726
748
747
746
748
750
743
735
748
733
749
750
749
748
750
686
730
750
750
750
748
745
750
748
750
747
750
703
750
746
720
720
743
746
749
745
738
739
728
698
736
721
748
750
744
723
744
748
752
752
752
746
752
752
747
736
751
740
751
751
740
699
577
687
654
729
744
750
750
736
746
749
744
751
731
691
703
749
696
750
747
694
752
744
666
685
665
607
552
632
449
667
714
600
711
702
718
656
745
604
712
585
401
670
552
631
720
681
529
732
739
591
627
749
745
743
742
726
730
752
741
750
744
751
743
750
750
749
752
748
750
745
746
723
742
751
750
752
752
747
752
749
726
744
740
752
739
752
747
751
741
742
747
752
750
744
736
751
751
750
748
736
749
752
748
739
708
752
679
678
745
749
750
746
740
751
690
734
750
752
743
752
751
741
750
748
750
745
744
752
744
751
750
747
750
752
750
748
750
749
752
750
751
751
752
750
750
744
749
748
751
751
752
749
752
750
752
740
751
748
750
750
752
746
750
750
750
752
750
748
747
748
749
751
745
751
749
749
747
748
752
747
746
752
747
750
746
750
750
747
751
750
748
750
750
750
750
749
752
750
742
741
746
744
744
749
740
750
750
750
749
747
748
748
748
751
750
751
752
750
750
742
725
744
747
748
752
751
752
752
748
752
752
752
746
741
752
746
750
750
751
747
752
752
750
751
752
748
752
748
752
752
750
750
751
749
747
751
745
752
749
751
750
752
752
752
752
752
752
752
752
746
747
731
752
744
752
751
752
750
752
746
745
752
752
750
752
752
752
750
752
752
748
752
751
751
749
744
751
752
752
748
751
750
752
752
749
750
750
747
750
750
750
751
752
752
752
740
750
752
749
752
752
750
752
748
748
752
744
752
742
752
751
750
750
752
749
752
752
752
749
752
752
752
752
752
752
752
750
752
752
752
751
752
750
749
753
751
751
749
752
754
750
751
752
749
751
752
751
751
750
752
751
747
743
751
752
752
752
752
750
749
742
752
752
751
748
752
752
750
748
748
752
751
747
752
751
752
750
752
749
750
750
749
737
750
752
750
750
747
744
751
705
754
747
750
752
748
752
737
748
752
746
703
750
750
750
750
752
751
741
752
752
752
744
751
752
752
743
751
749
751
745
730
734
739
745
724
682
742
747
741
746
716
747
752
738
752
742
746
751
742
739
754
748
752
745
752
752
736
750
744
746
751
752
736
748
748
751
752
752
752
750
750
750
744
750
752
754
747
749
752
752
752
751
748
746
752
749
752
752
752
750
752
748
752
752
750
751
751
752
752
751
752
751
752
751
752
750
752
752
751
752
748
752
752
752
749
751
751
752
752
748
750
752
749
750
750
752
752
744
750
752
750
752
752
746
752
752
750
750
752
752
752
752
751
751
752
752
749
752
750
752
752
750
750
746
746
752
752
750
750
750
751
749
750
744
748
751
748
750
752
752
752
750
751
750
750
752
752
752
752
752
750
752
750
752
752
745
751
748
752
752
751
747
750
752
750
752
749
750
751
752
752
751
748
750
752
748
751
748
751
750
751
752
751
752
750
751
752
750
752
752
752
752
744
748
751
744
751
748
748
752
752
752
750
752
752
748
752
751
752
751
752
751
752
748
750
752
752
751
752
751
748
749
751
752
751
752
752
752
749
752
752
752
752
750
752
751
750
752
752
752
748
752
752
752
750
748
752
752
750
750
751
751
746
750
750
750
752
750
752
740
742
752
750
752
748
746
752
750
751
750
752
751
744
752
752
752
748
750
751
750
750
752
752
746
749
751
752
749
752
752
750
752
749
752
750
744
752
750
752
751
751
751
751
752
751
752
752
750
750
751
752
752
752
751
752
752
752
752
750
752
751
752
749
751
752
752
752
752
749
751
750
748
748
752
752
752
752
749
750
752
751
751
752
752
751
752
749
749
752
750
752
750
752
747
752
752
752
750
749
752
743
746
752
750
750
752
751
746
751
750
749
752
750
752
752
742
751
751
752
751
746
752
750
752
751
752
752
752
751
752
748
748
750
752
751
752
750
750
752
750
752
750
746
751
752
748
752
748
750
750
751
744
752
748
747
752
752
752
748
748
751
750
752
750
752
751
750
752
746
731
724
752
750
752
739
752
752
746
752
740
750
748
750
750
752
744
752
752
752
751
752
748
752
750
752
752
752
752
752
752
752
750
751
752
751
752
751
747
748
752
752
752
752
750
752
752
749
751
750
752
752
752
752
750
751
752
752
751
750
752
752
752
752
750
752
744
744
746
752
752
752
752
752
752
751
752
747
746
752
749
751
752
751
752
746
749
751
752
752
752
752
751
752
748
752
745
752
750
752
751
750
750
752
752
752
748
747
750
748
752
752
752
747
751
752
752
748
752
750
752
752
752
752
752
752
751
751
752
750
752
750
749
751
752
752
752
749
752
752
749
752
748
750
749
752
752
751
752
752
752
750
751
746
752
750
749
750
752
752
750
750
752
752
752
744
749
751
750
752
751
752
752
752
752
752
752
750
751
752
752
750
751
752
751
750
750
750
751
750
751
749
750
752
752
750
752
752
750
752
752
752
752
752
751
750
752
752
752
752
752
750
751
752
752
746
752
752
752
752
752
749
752
752
752
752
752
752
751
750
751
752
752
752
750
752
752
746
752
751
752
752
752
752
749
751
752
752
752
747
751
752
748
750
750
752
752
752
751
751
752
752
752
752
752
752
751
750
752
746
752
751
746
751
752
752
751
748
752
752
752
752
751
750
752
751
750
750
752
752
752
749
750
752
749
752
752
751
751
752
752
752
752
746
750
752
748
752
749
751
751
752
752
752
750
752
751
753
746
752
748
752
752
752
749
752
752
752
752
753
752
750
754
751
752
752
752
751
750
752
750
752
752
752
752
752
750
752
752
750
752
752
752
752
752
752
752
752
754
749
748
752
750
752
752
750
752
751
749
752
751
752
752
752
752
752
750
752
751
751
750
750
752
750
752
752
751
752
752
752
752
752
752
750
752
752
752
752
752
752
752
749
751
746
752
750
752
752
752
752
751
752
752
754
752
754
752
752
752
752
754
754
754
750
749
754
752
752
752
752
752
752
752
752
752
752
750
752
752
751
749
751
752
752
752
751
752
751
752
752
750
750
752
753
751
752
751
752
750
750
752
752
752
752
752
752
752
752
752
752
752
751
751
754
748
752
752
752
752
750
752
753
754
749
752
752
752
754
752
752
751
750
752
752
752
751
752
752
751
752
752
751
752
750
752
752
752
752
752
751
752
752
752
751
752
751
752
748
752
752
752
750
752
752
752
752
752
754
752
752
754
752
752
754
751
752
753
750
750
752
751
754
752
752
748
752
754
752
754
754
752
752
752
754
752
754
742
752
752
752
752
742
753
752
754
752
754
750
754
752
752
752
754
754
752
754
753
752
753
752
752
752
748
754
752
752
752
752
751
752
752
748
751
752
754
752
754
748
752
752
754
748
752
744
754
752
752
754
754
754
752
752
752
754
754
752
754
754
752
754
754
752
753
754
752
751
754
750
754
754
754
754
752
754
752
754
754
754
754
753
752
751
750
744
750
754
754
754
754
754
752
752
754
751
754
754
754
754
754
754
754
754
752
754
754
754
754
753
754
754
752
754
754
753
752
754
754
754
754
752
752
752
754
754
754
750
754
754
752
754
752
746
752
750
752
754
754
752
752
752
754
754
752
754
752
754
754
753
754
753
754
753
752
754
754
754
754
754
753
754
754
754
754
754
754
754
752
754
754
754
754
754
748
754
754
754
754
754
754
754
754
754
751
754
750
754
754
750
752
754
752
754
753
754
750
754
754
754
751
754
752
754
754
754
754
754
754
754
754
754
753
754
754
754
753
754
754
754
751
753
753
754
754
754
753
754
754
753
754
753
751
754
752
754
748
753
754
754
754
754
754
752
754
751
753
754
754
753
754
754
754
752
753
754
754
752
754
754
753
754
754
754
754
752
754
753
745
754
754
753
752
754
754
754
754
754
754
754
754
754
754
754
754
754
754
753
754
754
754
751
752
754
749
754
752
752
754
752
752
752
754
752
754
752
754
754
752
754
754
754
754
750
754
754
754
752
754
753
754
754
751
754
751
754
754
754
748
752
752
753
752
754
754
754
754
753
754
752
754
754
754
752
753
754
754
751
754
754
754
750
752
754
754
754
753
754
754
754
752
752
752
754
754
753
754
754
752
754
754
754
752
754
754
750
754
754
754
754
754
754
754
748
754
754
753
754
754
754
754
754
754
754
754
754
754
752
754
754
754
754
754
752
753
754
754
754
752
752
754
750
754
754
752
754
754
754
754
754
753
753
751
753
751
754
753
754
750
754
754
754
753
753
754
750
753
754
754
752
754
754
754
754
752
754
752
752
754
754
752
754
754
752
754
754
754
754
753
754
754
754
754
754
754
753
754
754
754
753
754
754
754
754
754
754
754
754
754
753
754
754
754
754
752
754
754
753
754
754
754
754
754
754
754
754
754
754
754
752
754
754
748
753
754
754
754
754
754
754
754
754
754
746
754
754
754
754
754
754
753
753
754
754
752
754
754
754
752
754
754
754
754
754
754
754
754
754
752
746
754
754
754
754
752
754
754
754
748
746
753
753
752
754
754
754
754
754
754
754
754
754
753
753
754
754
754
754
753
754
751
754
753
754
754
752
754
754
754
754
754
752
754
754
752
754
754
754
754
748
754
754
754
751
754
754
754
753
754
754
752
754
754
753
754
754
754
754
754
754
754
754
751
754
754
752
753
753
754
754
754
752
753
754
752
753
752
754
752
754
754
754
742
750
754
754
754
754
750
754
754
754
754
754
752
751
752
754
754
753
754
753
753
751
754
753
754
754
753
750
754
752
754
752
752
752
752
754
754
752
754
754
754
754
754
754
754
752
754
754
754
754
752
754
754
754
753
754
754
754
754
754
752
754
754
753
754
754
752
753
754
754
754
752
754
754
754
753
754
754
754
754
754
746
754
754
754
754
754
754
754
754
754
754
754
745
754
754
752
752
754
754
749
754
754
754
754
754
754
753
753
754
754
752
752
753
752
752
754
754
754
752
754
753
754
753
754
752
754
752
754
754
754
752
754
752
754
754
754
754
753
752
754
754
754
752
754
754
754
749
753
754
753
751
754
754
754
753
754
754
752
748
754
754
754
754
753
752
754
754
750
754
754
751
754
754
754
754
754
753
754
754
747
754
754
754
754
752
754
752
754
754
753
754
754
754
754
752
754
754
754
754
754
754
753
753
754
751
752
750
752
753
754
753
754
753
754
754
754
754
754
754
752
754
754
754
753
752
754
754
754
754
754
754
754
754
754
754
754
754
754
754
754
754
754
754
754
754
754
754
754
754
754
754
752
752
752
754
754
754
754
754
754
754
754
753
754
754
753
754
754
752
754
754
754
754
753
754
754
754
754
754
754
754
754
754
754
752
754
754
754
752
750
752
754
754
752
754
754
754
754
754
754
752
752
754
754
753
754
754
754
754
754
754
754
754
754
752
752
752
754
754
752
754
754
753
754
754
754
746
754
754
754
754
754
753
752
754
754
754
752
754
754
754
754
754
754
754
754
754
754
754
754
754
754
754
744
754
753
754
754
748
754
754
754
753
754
754
754
754
751
754
754
754
754
753
754
754
754
754
753
754
754
754
754
751
754
753
754
754
752
754
754
754
754
754
754
754
752
752
754
754
754
752
754
752
752
754
754
753
754
754
754
754
754
752
754
754
754
752
754
754
754
754
754
754
754
754
754
752
748
754
750
754
752
752
754
753
752
754
753
752
754
754
754
754
754
754
754
752
754
754
754
754
754
754
753
754
750
754
751
754
754
752
754
754
754
754
752
754
753
752
754
754
754
746
745
746
753
754
754
754
752
753
754
754
754
754
750
754
754
754
754
754
753
754
754
754
754
754
754
754
753
750
752
752
754
754
754
754
754
754
751
754
753
752
754
754
754
754
754
754
750
754
754
753
752
754
752
752
754
754
754
754
754
754
754
754
754
753
753
752
754
754
754
754
754
754
754
752
754
752
754
754
754
754
754
752
754
754
754
753
754
753
754
754
754
752
753
754
754
753
754
754
754
754
754
754
754
753
750
754
754
754
753
754
754
753
754
754
753
754
751
752
754
754
754
754
754
752
754
754
754
754
754
754
754
754
754
754
752
754
754
753
754
753
754
754
752
754
754
754
746
754
754
754
754
754
754
754
754
754
752
754
754
754
754
754
754
753
752
752
754
754
754
753
754
754
752
754
754
752
752
754
753
754
753
754
754
754
754
754
754
754
754
754
752
754
754
754
754
754
754
754
754
754
754
753
754
750
754
754
752
754
754
754
754
754
754
752
754
752
754
754
754
754
754
754
754
752
754
754
753
754
754
754
752
754
753
752
754
754
754
754
754
754
753
754
754
753
754
756
754
752
754
752
754
754
754
754
753
754
754
754
754
754
754
754
754
753
754
754
754
754
752
754
754
754
754
754
754
754
754
754
754
754
753
754
754
754
754
754
754
754
753
754
754
754
754
754
746
754
754
754
752
753
754
754
754
752
754
752
754
754
753
752
752
754
754
754
754
754
754
753
754
754
752
754
754
754
754
754
752
754
754
752
754
754
754
754
754
754
754
754
754
754
754
754
754
754
754
751
749
754
750
752
753
754
752
754
753
753
753
754
754
751
753
754
754
754
754
754
752
754
754
751
749
750
754
754
754
754
754
753
754
752
753
754
754
754
754
754
754
753
754
752
754
754
754
754
754
754
754
752
752
754
752
750
754
754
751
754
754
754
753
754
754
754
754
754
754
749
754
754
753
754
753
754
754
754
754
754
754
754
754
754
754
752
752
754
754
754
754
754
752
754
753
753
754
754
754
754
754
754
754
753
752
754
754
754
754
754
754
753
752
754
754
754
754
754
754
754
754
754
754
752
754
754
754
753
754
753
754
754
754
753
754
754
754
754
754
754
754
752
754
754
754
754
754
753
754
754
754
754
754
754
754
752
754
754
754
754
754
754
754
754
752
754
754
752
751
754
752
754
754
754
753
753
754
753
754
752
752
754
754
754
754
754
754
754
754
754
742
754
754
754
754
754
753
754
753
752
754
754
754
753
754
753
754
754
752
754
754
753
754
754
754
754
754
754
754
754
754
754
754
754
754
750
754
754
754
754
754
754
754
752
754
754
754
753
754
754
754
754
754
750
754
752
752
754
754
754
754
754
754
754
754
754
754
753
754
752
754
754
752
752
754
754
754
754
754
754
754
754
754
754
752
754
750
754
754
752
752
754
754
754
754
753
754
754
754
754
752
752
754
752
754
751
754
754
754
754
753
754
753
754
754
754
752
752
752
754
754
754
754
754
754
754
754
754
752
754
754
754
752
754
754
754
754
752
754
752
754
754
752
754
754
752
754
753
754
754
753
754
752
751
754
752
754
753
754
754
754
754
754
754
754
754
754
754
750
752
754
754
754
754
750
754
751
754
754
754
752
754
754
754
754
754
754
754
752
754
753
754
750
754
750
754
754
753
754
748
754
754
754
754
754
754
754
754
754
752
754
754
752
754
754
754
753
754
754
754
754
754
754
754
754
754
750
754
752
754
753
754
754
754
753
754
747
754
754
752
754
750
754
752
754
750
754
752
754
754
754
754
754
754
754
754
753
753
754
753
754
752
754
754
754
753
754
752
754
754
752
754
754
752
754
754
754
753
754
754
754
754
754
752
750
754
754
754
753
754
754
754
754
754
752
754
753
754
752
752
752
752
754
754
752
754
754
754
748
753
754
752
754
754
754
754
754
754
754
754
754
754
754
754
750
754
754
753
754
749
754
754
754
752
754
754
754
754
754
754
754
754
754
754
746
753
754
750
754
754
754
753
754
754
754
754
754
754
754
754
754
751
754
751
754
754
754
754
754
754
754
754
754
752
754
750
754
752
754
754
754
754
754
752
754
754
752
754
752
754
754
754
754
754
747
754
754
754
754
752
752
754
754
754
752
754
753
756
754
754
751
754
754
754
754
754
752
754
752
754
754
753
754
754
754
754
748
754
754
750
754
754
754
752
754
754
752
754
754
754
753
754
754
754
754
754
750
756
756
754
754
754
754
754
756
754
754
752
754
754
754
754
754
752
754
754
754
754
754
754
752
752
751
753
754
752
752
754
754
754
752
753
754
754
744
754
754
752
754
753
753
753
754
751
754
754
754
754
754
754
754
754
753
754
754
754
754
754
754
754
754
752
750
752
752
754
754
753
751
754
754
754
754
754
752
754
754
753
754
754
754
754
753
754
754
754
754
754
754
754
754
752
752
754
753
753
754
754
754
754
754
754
754
754
754
754
752
751
754
753
754
754
754
754
754
753
752
754
754
754
752
754
753
754
754
754
754
754
754
754
754
754
753
754
752
754
754
744
754
754
754
752
752
754
754
754
754
754
754
752
754
754
752
754
754
754
752
754
752
754
752
753
754
754
754
753
754
754
754
754
754
754
754
754
754
754
754
754
754
754
754
754
754
752
754
753
754
753
754
754
754
754
753
754
754
754
754
753
751
751
754
754
754
754
752
754
754
754
752
754
754
754
754
754
754
754
754
754
753
754
754
754
748
754
753
752
752
753
754
754
754
754
752
754
754
752
752
753
754
754
754
754
752
751
750
754
754
754
752
754
754
754
754
753
753
754
754
752
753
754
754
753
754
752
754
754
754
748
753
754
754
754
754
752
754
754
754
754
754
754
754
753
752
754
754
754
754
754
754
754
754
753
754
754
754
753
754
754
754
754
754
751
754
754
754
754
754
754
754
752
753
754
754
753
754
754
753
754
754
753
752
753
750
754
754
754
752
751
750
754
753
754
752
754
754
754
754
753
750
754
752
753
754
754
754
754
752
754
750
753
754
752
754
754
746
754
750
754
749
753
754
753
754
754
754
754
754
754
752
753
754
754
754
753
754
754
754
754
752
753
754
750
754
752
754
751
752
754
754
754
754
752
754
754
754
753
754
754
754
754
754
754
754
754
751
754
754
754
754
753
754
753
754
754
752
754
754
754
754
753
754
751
752
754
754
751
754
746
754
752
754
753
754
753
754
754
752
753
754
754
754
754
754
754
754
754
754
754
754
748
754
754
754
752
753
753
754
754
754
754
752
754
754
750
754
754
754
753
754
754
752
754
754
754
754
754
752
754
754
754
754
753
754
753
754
754
754
753
753
754
752
754
754
754
754
754
754
754
754
754
752
754
751
754
754
753
754
754
753
754
754
754
754
752
754
754
754
754
750
754
754
754
754
753
754
754
754
754
753
749
754
754
754
753
751
754
752
753
751
754
754
754
754
747
750
754
754
754
754
754
754
754
754
754
750
754
754
750
754
753
754
753
754
754
752
754
754
754
754
754
752
754
752
754
754
753
753
754
753
754
754
752
754
750
753
754
754
754
754
754
753
754
754
753
754
754
754
752
754
754
752
754
754
754
753
752
753
754
752
754
754
754
754
754
754
754
754
754
754
752
754
754
754
754
754
754
754
751
752
753
754
752
754
750
754
754
754
752
752
754
754
754
754
754
754
752
754
754
754
754
752
754
754
754
754
754
754
754
754
754
754
754
754
754
754
754
754
754
753
756
754
754
754
754
754
754
752
754
754
754
754
754
754
754
754
753
754
750
754
754
754
754
754
754
754
754
754
754
754
754
754
752
752
754
753
753
754
754
753
754
754
753
754
754
754
754
754
752
754
754
753
754
751
753
754
752
752
752
754
754
754
754
754
754
753
754
754
754
754
753
754
754
754
750
754
754
753
754
754
754
752
754
754
754
754
751
754
752
754
754
752
754
754
753
754
754
754
754
754
752
754
754
754
754
752
752
752
754
754
754
753
754
754
752
754
753
754
754
754
754
753
754
754
754
752
754
754
753
754
754
753
754
753
754
754
753
754
754
753
754
754
754
749
752
752
754
752
753
754
754
753
754
754
754
754
752
748
754
754
753
754
754
754
754
750
753
753
754
754
753
751
754
753
754
754
754
754
754
752
752
753
754
754
754
754
754
754
754
754
753
748
753
751
754
752
754
752
754
754
754
754
754
754
754
754
754
752
754
754
754
748
754
754
754
754
754
754
754
754
754
753
754
754
752
752
753
754
754
754
754
754
754
754
754
754
754
753
752
752
754
754
754
753
752
753
750
754
754
754
751
754
753
754
753
754
753
754
750
754
754
754
754
754
754
748
754
754
754
754
754
746
754
754
754
748
754
752
754
753
751
753
754
754
754
752
754
754
754
753
754
754
754
754
754
754
752
754
754
754
754
751
754
754
754
753
754
754
754
754
754
754
754
754
753
754
754
754
754
754
754
754
754
754
752
754
754
754
753
754
754
752
754
754
754
754
754
754
754
754
753
748
754
752
754
754
754
754
754
754
754
754
754
754
754
749
753
754
750
754
754
753
754
754
750
754
754
753
754
754
754
753
750
754
754
754
754
754
754
754
754
754
754
754
754
754
754
754
754
752
754
753
754
754
754
754
754
754
754
754
753
754
754
754
754
754
752
754
754
754
752
754
754
752
754
754
754
754
753
752
754
754
753
749
754
754
754
754
754
753
753
754
753
754
754
754
754
754
754
752
754
754
752
754
753
754
754
754
754
754
748
754
753
754
752
750
754
754
752
754
754
753
754
754
754
754
754
754
754
754
754
754
753
754
753
746
754
754
754
754
754
754
754
753
754
754
754
754
752
754
754
754
752
754
754
754
752
754
754
754
754
754
754
754
754
754
754
754
754
754
754
752
754
753
753
754
754
753
753
754
754
754
754
754
750
754
754
754
754
754
754
754
754
754
754
750
754
752
753
754
754
754
754
754
751
754
753
754
754
754
754
754
754
754
754
754
754
754
754
752
754
754
754
753
754
753
754
744
754
754
754
753
754
752
754
753
752
754
754
754
754
754
754
754
754
752
754
754
754
754
754
753
754
754
753
754
754
754
754
754
754
754
751
754
754
754
754
754
754
754
752
754
754
753
752
754
754
752
750
754
753
754
754
754
753
754
754
754
752
751
754
754
754
754
752
754
754
753
753
754
753
752
753
753
754
754
754
752
754
754
752
754
754
754
753
754
754
754
754
754
754
754
752
754
752
751
751
746
752
746
754
754
751
752
754
754
754
752
754
754
754
751
754
752
754
754
754
754
754
754
753
753
754
754
747
754
754
754
752
754
752
754
754
754
754
754
754
754
754
754
754
754
754
752
753
754
752
754
754
753
754
754
754
752
754
754
750
752
754
754
754
754
754
754
754
754
752
754
752
753
754
754
745
754
753
754
753
752
752
752
754
754
754
754
753
754
754
754
754
753
754
754
754
754
751
754
754
754
754
752
754
752
754
753
752
754
754
753
754
750
754
754
754
754
754
754
754
754
754
754
754
754
754
754
754
754
754
754
754
754
754
754
754
752
754
754
754
752
753
753
754
754
752
754
754
752
754
749
754
752
754
752
754
754
752
754
754
754
754
754
754
752
752
754
754
752
750
754
752
753
753
754
752
752
754
750
754
753
752
754
752
754
754
754
750
752
753
754
754
754
754
754
753
754
754
754
754
754
754
754
754
754
754
752
754
754
753
754
754
754
754
754
754
752
754
752
751
749
754
754
754
754
754
754
752
752
754
754
754
754
753
754
753
750
754
754
754
754
754
754
754
752
754
754
754
754
752
753
754
754
754
754
754
752
754
754
754
754
748
751
753
753
754
754
754
752
754
754
754
754
754
754
752
752
750
753
751
754
754
754
754
754
754
754
754
754
752
754
754
754
754
753
754
754
754
754
754
754
753
753
754
754
754
754
754
754
753
754
754
754
754
754
754
754
749
752
754
754
754
750
752
754
754
753
754
754
747
754
754
752
754
754
754
754
754
754
753
754
752
754
754
754
754
754
753
754
752
754
754
754
754
754
754
754
754
753
754
752
754
754
752
754
754
754
754
752
752
753
754
749
754
754
753
754
754
754
754
754
754
754
754
754
754
754
754
754
752
754
754
754
754
753
753
752
754
754
751
754
754
754
754
754
754
754
753
754
754
754
754
754
754
754
754
754
754
752
750
754
754
754
754
754
752
754
744
752
754
754
754
750
754
754
754
753
754
752
750
752
754
753
752
754
754
754
753
754
754
754
754
754
751
754
754
746
753
754
754
754
754
754
754
754
754
754
754
754
754
754
754
754
751
752
753
754
750
754
754
750
754
754
754
754
754
754
753
754
754
754
752
754
754
754
754
754
754
754
754
754
746
754
754
754
754
754
754
752
753
754
754
754
752
754
753
754
753
754
754
750
752
754
754
754
754
754
754
754
754
752
754
754
754
752
754
753
754
754
754
754
754
753
753
752
754
754
754
752
754
754
754
754
754
752
754
754
754
750
754
752
754
752
754
754
754
753
748
754
754
754
753
754
746
754
754
754
754
754
748
752
752
754
754
752
752
754
754
754
752
747
754
754
754
754
754
754
754
754
753
753
754
754
754
754
754
752
753
754
752
754
754
754
754
752
754
752
754
754
750
754
754
754
754
754
754
754
754
754
752
754
754
750
754
754
754
754
754
754
754
751
751
754
754
754
754
753
752
754
752
754
754
753
753
754
754
754
754
754
754
754
754
754
754
754
754
754
754
754
754
754
754
754
754
754
754
754
754
752
754
754
754
752
752
754
753
754
754
753
754
754
754
754
754
754
754
754
754
754
754
754
754
754
753
754
754
751
754
752
754
753
754
754
754
754
754
754
754
754
754
754
752
754
754
754
753
752
754
754
754
754
754
754
753
754
754
753
754
754
754
754
754
750
754
754
752
752
754
752
754
754
751
754
754
752
752
754
754
754
754
752
754
754
752
754
754
754
754
754
752
752
752
754
754
754
754
754
753
752
753
754
754
754
754
751
754
753
754
751
753
749
750
754
754
750
752
754
754
753
752
752
754
750
754
753
754
754
753
754
754
754
753
753
754
753
754
754
754
753
754
753
754
754
754
754
752
753
752
754
754
754
754
754
754
754
754
754
754
754
754
754
754
754
754
751
754
754
754
754
754
754
754
752
754
752
754
754
754
754
754
754
747
754
753
754
754
754
752
754
754
752
754
753
754
754
754
754
754
753
754
752
754
754
754
754
754
754
753
754
754
753
754
754
754
754
752
752
753
753
754
754
754
754
751
754
754
754
754
754
753
754
753
754
754
754
754
754
754
754
754
754
754
754
748
754
752
753
754
752
753
752
754
754
754
754
754
754
754
754
754
754
754
754
754
752
753
754
753
754
754
752
754
754
754
754
753
754
752
754
754
753
753
754
753
754
752
752
754
752
754
754
752
753
754
754
753
754
754
754
754
754
753
753
754
753
754
752
753
754
754
752
753
754
754
754
754
754
754
750
754
754
754
754
754
754
752
754
754
754
751
754
746
754
753
753
750
752
754
754
754
748
752
752
754
752
754
754
754
754
754
753
754
754
754
754
754
752
754
754
754
754
754
754
751
754
754
752
752
754
754
754
754
748
753
754
747
754
754
754
753
754
752
754
753
754
752
754
754
754
754
754
754
750
754
754
754
754
754
753
750
752
753
754
754
754
753
754
754
752
753
754
754
754
754
754
753
754
754
753
754
752
753
754
754
752
754
754
753
754
754
754
754
754
754
754
754
754
754
754
754
752
754
754
750
752
752
752
754
754
754
754
754
752
751
754
752
754
754
753
754
754
753
754
752
752
754
754
752
754
754
754
754
752
754
753
754
754
754
752
754
754
754
754
752
754
754
754
754
752
754
754
752
746
750
754
754
754
749
752
754
754
754
754
753
754
754
752
754
754
752
754
754
754
754
754
754
752
754
754
754
754
754
752
753
752
754
754
754
754
754
754
754
754
754
753
754
754
754
754
754
752
754
754
754
754
754
754
754
754
754
754
754
752
754
753
754
754
753
754
754
754
754
753
752
754
754
754
754
754
754
754
754
753
754
752
752
752
754
754
752
754
754
752
754
754
754
754
753
754
754
752
754
754
754
754
754
754
750
754
754
753
754
754
754
754
752
754
752
753
754
754
752
754
751
754
754
754
754
754
752
754
754
753
754
754
754
754
754
753
752
754
754
754
754
754
754
754
754
754
752
753
754
754
754
754
754
754
752
754
754
754
754
754
753
751
754
754
754
754
754
752
753
754
752
753
754
754
754
753
754
753
754
754
754
748
753
753
754
754
750
754
753
752
754
754
754
754
754
753
754
754
754
754
754
754
753
753
752
754
754
754
752
754
754
754
754
754
752
754
754
754
754
754
753
754
753
752
754
754
753
752
752
754
752
752
751
754
754
754
754
754
754
754
754
754
754
754
754
752
754
754
752
752
754
754
754
752
754
753
754
754
753
754
750
754
754
753
754
754
754
754
753
754
754
754
754
754
754
754
754
754
754
754
754
754
754
753
752
753
754
754
754
748
752
751
754
754
754
754
753
753
754
754
754
754
754
754
754
754
754
752
746
754
754
754
754
752
753
754
754
754
753
753
754
754
754
754
754
752
751
754
754
754
754
754
754
754
754
753
754
754
754
754
754
754
754
754
754
753
754
748
753
754
754
754
754
754
752
754
747
752
754
754
754
752
754
752
754
754
752
752
754
754
754
754
754
754
754
754
754
754
754
754
754
750
754
754
754
754
754
754
754
752
754
754
754
753
754
754
754
754
754
753
754
754
754
752
754
752
752
754
754
752
754
754
750
754
754
754
754
752
750
750
754
754
752
754
754
754
754
754
754
754
754
754
753
752
752
754
754
754
754
753
754
754
754
754
753
752
754
754
754
754
754
752
754
754
752
754
754
753
754
752
754
753
754
754
753
754
754
754
754
754
752
754
754
754
753
754
752
752
752
753
754
754
754
754
754
754
754
754
753
752
754
754
752
753
754
753
754
754
754
754
754
754
754
754
754
754
754
754
754
753
754
754
754
754
754
752
754
754
753
752
753
754
754
754
754
754
754
751
754
754
754
754
754
754
754
754
754
754
754
753
754
754
754
754
750
754
754
752
754
754
754
754
754
754
752
754
750
752
754
754
754
752
752
754
752
753
754
754
754
754
754
754
752
754
754
754
754
753
752
754
754
754
754
754
754
752
748
753
752
754
754
754
754
754
754
751
754
754
752
754
753
752
754
754
752
754
754
752
748
754
746
754
754
754
754
754
754
753
750
754
754
754
754
754
754
754
752
754
754
752
754
754
754
754
754
754
753
754
752
748
754
754
754
754
748
752
754
754
751
754
754
754
754
754
754
754
752
754
754
754
754
754
754
753
754
754
754
754
754
754
754
754
751
752
752
751
754
754
754
754
753
754
754
752
754
754
754
752
753
754
753
754
754
753
754
754
754
753
753
754
754
752
754
753
754
754
754
754
754
754
754
754
754
754
746
748
754
754
754
754
754
754
754
752
754
752
752
749
751
754
754
754
753
754
752
753
753
754
754
754
754
753
749
754
754
754
754
754
754
754
754
754
754
754
754
754
752
753
754
752
754
752
751
752
753
754
753
754
752
754
754
754
754
754
754
754
753
754
754
754
754
754
754
754
754
754
754
754
754
754
753
754
752
754
750
754
754
754
753
753
752
754
754
754
754
753
754
753
754
754
752
752
754
754
754
754
754
754
754
754
754
754
754
752
754
754
752
752
754
752
752
754
754
754
753
754
754
752
754
754
753
754
752
754
754
754
754
754
753
752
752
754
754
754
754
754
754
753
754
752
754
754
753
754
754
753
752
754
752
754
754
754
750
754
753
754
754
754
754
752
754
754
754
754
754
754
754
754
752
754
754
752
754
754
754
754
754
752
754
753
750
752
754
754
754
754
754
752
754
754
754
754
754
754
754
754
748
754
754
754
754
754
754
753
754
754
754
754
754
754
750
746
754
750
752
753
754
754
752
754
752
754
753
754
754
754
754
754
753
754
754
736
752
754
754
754
754
754
753
754
754
750
754
754
754
754
754
753
754
754
754
750
751
754
752
750
754
748
754
754
754
754
754
753
752
754
754
754
754
754
754
754
752
748
754
748
752
754
752
754
754
753
753
754
754
754
753
754
754
752
752
751
753
754
754
754
754
754
750
754
746
754
754
754
752
754
754
754
752
754
748
754
754
754
754
754
754
754
754
754
752
754
752
754
754
754
754
753
754
754
754
754
754
754
754
748
752
754
754
754
754
754
754
754
754
754
754
754
754
754
752
754
754
753
754
754
753
754
754
754
754
754
754
754
752
754
754
754
753
752
754
754
754
754
752
754
750
754
752
754
754
754
754
753
753
754
744
754
754
753
754
754
754
754
754
753
754
754
754
754
754
752
753
753
754
748
754
753
754
754
752
754
754
752
750
752
754
748
753
754
754
754
754
754
754
754
754
754
754
754
754
754
754
751
754
754
753
754
754
754
752
754
754
754
754
754
754
753
754
754
754
754
754
754
754
754
754
752
753
754
752
746
752
754
754
754
750
754
754
754
754
754
752
754
754
754
754
754
753
753
754
754
754
754
753
754
754
754
754
754
754
752
754
753
752
754
754
754
754
754
754
754
753
754
754
754
754
751
752
754
754
754
754
754
754
754
754
754
752
754
754
750
754
754
753
754
753
754
754
753
754
754
754
754
754
754
754
754
754
754
754
752
754
754
754
754
754
752
752
753
754
754
750
754
754
754
752
754
754
754
753
754
754
754
754
754
753
754
754
754
752
752
754
754
753
753
754
754
754
754
753
754
753
754
752
754
754
750
754
754
748
754
752
754
754
754
754
753
754
754
752
754
754
754
753
754
753
754
754
754
754
754
754
749
754
752
750
754
754
754
754
754
754
754
754
754
751
750
754
754
754
754
754
754
754
754
754
754
754
754
753
754
754
754
754
754
754
754
754
753
754
754
753
754
754
754
754
753
754
754
754
754
753
752
754
754
754
754
754
754
753
754
754
754
754
754
754
754
754
754
754
753
754
754
754
754
752
754
754
753
754
754
754
754
753
752
754
754
754
754
754
754
754
753
754
754
751
754
754
754
754
753
754
753
754
752
754
754
754
754
754
754
754
752
754
754
754
754
754
754
754
752
754
754
754
754
754
754
754
754
753
754
754
754
750
754
754
754
754
754
752
754
754
753
754
754
752
754
754
754
754
754
754
754
754
754
754
754
752
754
754
754
754
754
752
754
752
752
754
754
754
753
754
753
754
754
754
754
754
753
754
754
754
754
754
754
754
752
754
754
752
754
752
754
754
754
753
752
754
754
754
754
748
752
754
754
754
754
753
752
754
754
754
754
754
754
754
754
754
754
752
754
754
754
754
754
752
753
751
753
752
754
754
754
754
754
754
754
751
753
754
754
754
754
752
752
754
754
754
754
754
753
751
754
754
752
753
754
754
754
754
754
753
754
754
754
754
754
754
753
754
754
754
754
752
753
754
754
753
754
753
752
752
754
754
748
754
754
754
754
754
754
754
754
753
754
753
752
754
754
754
752
754
750
754
751
752
754
754
755
754
754
754
754
752
754
754
753
752
754
754
754
754
753
754
752
754
754
754
750
754
752
754
753
754
751
754
754
754
754
754
754
752
752
754
754
754
754
753
752
754
751
754
754
753
753
754
746
753
752
753
754
754
752
754
754
754
754
754
754
754
751
754
754
754
753
754
753
754
754
754
754
754
754
754
754
750
754
754
754
754
754
754
754
752
754
754
754
754
754
754
754
753
754
745
754
753
754
754
754
754
752
754
754
754
748
754
754
754
753
754
753
754
752
754
754
754
754
752
754
754
754
754
754
754
753
752
754
753
754
754
754
754
752
754
754
754
754
752
753
754
754
753
754
754
754
753
754
754
754
752
753
754
754
754
754
754
752
754
754
754
754
754
754
754
754
754
754
754
754
754
754
754
753
754
754
754
754
754
754
753
754
754
753
754
753
753
754
751
754
753
754
754
752
752
754
754
754
754
754
754
753
754
751
754
754
754
750
752
753
754
754
752
754
754
754
753
753
754
754
754
754
752
754
754
754
754
753
754
752
754
754
752
752
754
754
750
754
754
754
754
754
754
748
754
754
754
753
754
754
754
754
754
754
754
754
754
754
754
752
754
753
754
754
754
754
754
754
754
754
754
752
754
754
754
753
754
754
754
754
754
753
754
753
754
754
754
754
754
754
754
754
754
753
754
754
754
754
751
754
754
754
754
754
754
754
754
754
752
754
754
754
754
753
754
754
754
754
754
754
754
754
751
754
754
754
754
754
754
754
753
752
754
752
754
753
754
754
754
754
754
754
752
753
754
754
752
754
753
754
753
753
752
754
753
754
754
754
754
753
754
754
753
754
754
754
750
754
754
753
754
754
754
754
754
754
754
754
754
754
754
753
754
754
754
752
754
754
754
754
754
754
753
754
754
754
754
753
754
754
752
754
754
754
753
754
753
754
752
754
751
754
754
752
754
752
754
754
754
754
754
754
754
754
754
754
753
754
754
753
754
754
754
754
750
754
750
754
754
754
752
753
754
754
754
754
750
753
753
748
754
752
754
752
754
751
753
754
754
754
753
753
754
754
754
754
754
754
754
750
754
746
754
754
754
754
752
754
754
754
751
753
754
754
752
754
754
754
754
754
752
753
754
752
753
754
754
754
748
754
754
754
754
754
754
752
754
754
754
754
754
753
754
754
754
754
754
754
754
754
754
754
754
754
747
754
753
754
754
751
754
754
754
752
753
754
753
751
746
754
754
753
754
754
754
754
754
751
752
754
753
754
754
754
754
754
754
754
753
753
752
754
754
754
754
754
754
754
754
752
754
753
753
754
754
754
754
754
754
754
754
754
754
754
754
752
754
754
754
754
754
754
752
753
754
754
754
753
753
754
754
754
754
754
754
753
754
754
754
752
754
753
754
753
754
754
754
752
753
754
754
754
753
754
754
753
754
754
753
753
754
753
754
754
754
754
751
754
754
754
754
754
754
754
754
754
754
754
754
754
754
753
754
754
754
754
754
754
754
752
754
754
754
754
754
754
754
752
754
754
754
752
754
754
752
754
753
754
753
754
754
754
754
754
754
754
752
752
754
754
753
752
752
754
754
753
754
754
754
754
754
754
754
752
752
754
754
754
751
754
754
754
754
754
754
754
752
754
753
754
754
754
753
754
754
754
754
754
754
754
753
754
754
754
754
754
754
754
754
754
754
754
754
754
750
753
754
754
754
754
752
752
754
754
754
754
752
754
752
752
754
753
754
750
754
753
754
752
754
754
754
754
754
752
753
752
748
754
754
754
754
752
754
754
754
753
754
754
754
754
750
754
754
754
753
754
754
754
752
754
754
748
754
750
754
754
754
754
753
754
752
752
753
754
754
754
754
754
752
754
754
752
754
754
754
752
754
754
751
754
749
754
752
754
754
751
754
754
754
754
754
753
753
754
754
754
754
754
752
754
754
754
752
754
752
754
754
754
754
754
754
752
754
754
754
753
754
754
754
754
754
754
754
754
754
752
753
754
752
754
754
754
754
754
754
754
754
752
754
754
754
754
754
754
754
754
754
752
754
754
754
754
753
754
754
748
754
754
754
754
754
754
754
754
754
754
753
754
753
753
754
754
754
754
754
754
754
753
754
753
752
754
753
751
753
752
754
754
752
754
754
754
752
753
754
752
754
754
754
754
754
754
754
754
754
748
753
754
754
754
754
753
754
754
753
754
753
753
754
754
754
754
754
753
752
752
752
751
754
754
754
754
754
754
754
754
754
754
754
752
754
754
754
754
754
754
754
752
752
754
754
754
753
753
754
754
754
754
754
754
754
754
754
751
753
753
750
754
754
754
754
753
754
753
754
754
754
754
754
754
754
754
754
748
753
752
754
754
753
754
752
754
754
754
754
754
754
754
752
754
754
754
754
754
753
752
754
753
754
754
752
754
754
754
748
753
754
754
754
754
754
752
754
754
754
754
754
752
754
754
752
754
754
754
754
754
754
747
754
754
754
753
754
753
754
754
754
754
754
754
751
754
754
754
752
754
754
752
752
754
752
754
754
754
754
754
754
754
754
753
750
754
754
754
754
754
754
754
754
754
754
754
754
754
754
754
754
754
754
754
753
753
754
751
754
754
754
754
754
754
754
754
753
752
754
754
754
754
754
754
754
754
754
752
754
748
754
751
754
754
751
754
754
754
754
753
754
754
754
750
752
752
754
754
754
754
754
754
753
754
754
753
754
754
754
754
754
754
754
754
753
754
754
754
754
751
754
753
754
754
754
754
751
746
754
754
754
754
754
754
754
752
751
754
754
754
754
754
754
754
754
754
754
753
753
754
754
753
751
754
754
754
745
752
754
754
752
754
754
754
754
754
754
752
754
754
753
754
754
751
754
754
752
754
754
754
754
753
754
754
754
753
750
754
754
754
754
754
754
754
754
754
750
754
754
754
754
754
754
754
754
754
754
754
754
754
754
754
754
752
752
754
754
754
748
754
754
754
754
754
754
754
753
754
754
754
753
752
754
754
754
754
754
754
754
754
751
754
754
754
754
754
754
754
754
754
752
753
752
754
754
754
754
753
753
754
754
754
752
753
752
753
752
753
754
754
752
754
753
749
754
752
754
752
753
754
754
753
752
754
754
752
752
754
754
754
752
754
754
754
753
754
752
752
754
754
754
754
754
754
754
754
754
754
754
754
754
754
754
754
754
754
753
754
754
754
754
754
754
754
754
754
754
754
754
754
754
754
754
753
754
754
753
752
754
754
754
754
754
754
754
754
754
754
752
754
753
754
754
753
754
752
754
753
754
754
754
754
754
754
752
754
754
754
753
754
754
754
752
754
753
754
754
752
754
752
754
754
754
754
754
753
753
754
754
754
754
754
754
754
754
754
754
753
754
754
752
754
754
752
754
752
754
754
754
754
754
754
751
754
754
753
754
754
752
754
754
756
756
756
754
754
753
754
754
754
754
754
754
754
754
754
754
754
754
752
754
753
754
752
754
754
754
754
753
753
754
752
754
754
754
754
754
752
754
750
753
752
754
754
754
754
754
755
756
754
754
754
754
754
754
753
754
754
756
754
754
754
753
754
754
754
754
754
752
752
753
752
754
754
754
752
754
754
754
754
754
754
754
754
754
752
754
754
753
754
753
754
754
754
752
754
754
754
754
753
753
751
752
751
752
754
754
754
754
753
754
754
754
754
754
752
754
754
754
754
752
754
754
748
754
754
753
753
754
752
754
756
754
751
754
753
754
752
754
748
754
754
753
754
754
754
754
754
752
753
752
754
754
754
754
754
754
754
754
754
754
754
754
754
754
756
754
754
754
754
753
754
754
750
754
754
752
752
754
754
754
754
754
752
753
754
754
754
752
754
754
754
750
754
754
750
754
754
754
753
752
753
754
754
753
754
754
748
752
751
752
754
754
754
753
754
754
754
753
752
753
754
751
752
754
748
754
751
754
754
754
752
754
754
754
754
754
754
754
754
752
754
754
754
754
752
754
753
754
753
754
754
752
754
754
756
754
756
754
756
756
754
754
756
753
754
752
754
754
754
754
754
754
754
754
753
754
754
753
753
754
754
752
751
754
753
754
754
754
754
752
754
753
756
750
754
753
752
752
754
745
754
754
754
750
754
754
754
754
754
754
754
754
754
754
754
754
754
754
753
748
754
754
752
754
752
753
754
754
754
754
754
754
754
749
753
754
754
752
752
754
754
754
753
754
754
754
750
754
754
752
754
752
754
754
754
754
754
752
754
754
754
754
754
754
754
754
754
754
754
752
754
754
753
754
752
754
753
754
751
754
752
754
753
754
754
754
754
754
754
754
754
752
752
754
754
754
754
754
754
754
754
754
752
752
754
754
754
754
746
752
754
753
754
754
754
754
754
754
754
754
754
754
753
754
754
754
753
754
754
754
754
754
752
754
748
754
754
753
754
753
754
754
754
751
754
754
754
754
753
754
754
754
754
754
754
754
754
754
754
752
753
752
754
754
754
753
754
744
752
754
754
753
754
753
754
754
754
752
756
754
754
754
752
754
754
754
753
754
754
754
753
754
754
754
753
753
754
754
754
754
753
754
752
754
754
751
754
752
754
754
753
752
754
754
752
753
754
754
754
753
752
753
754
751
754
754
754
754
754
754
754
754
754
754
753
754
750
754
754
754
754
753
754
754
754
754
754
754
754
753
753
752
750
754
753
750
754
752
752
754
754
754
754
754
751
754
754
752
754
754
751
754
754
754
754
754
754
752
754
754
745
754
754
754
751
753
745
753
753
754
754
756
754
752
754
754
754
754
754
754
756
756
756
752
756
754
754
754
754
756
754
754
754
753
754
754
754
754
754
750
754
752
756
753
754
754
753
754
754
752
750
754
752
754
754
751
754
754
750
754
752
754
754
752
754
754
754
754
754
753
754
754
753
753
752
754
754
754
754
754
752
753
754
754
753
751
748
754
754
754
754
754
753
753
754
754
754
752
752
751
754
754
753
754
752
754
754
754
754
753
753
754
752
754
752
754
753
754
752
754
752
753
754
754
754
754
754
754
752
752
754
754
754
753
752
754
754
754
754
753
752
750
754
752
754
752
754
753
754
754
754
754
754
754
748
754
754
754
752
754
754
754
752
754
754
755
754
752
756
754
754
754
752
752
752
753
753
754
752
753
754
754
754
754
752
754
754
754
754
754
754
754
754
754
755
754
754
754
753
754
755
754
754
754
752
754
754
754
754
754
754
754
752
753
754
754
750
752
754
753
754
754
753
754
752
754
754
753
753
754
753
753
750
751
754
750
754
754
754
752
754
754
754
754
756
752
751
753
754
752
754
753
754
754
754
754
754
752
754
754
753
753
754
754
754
754
752
754
753
754
752
754
752
750
754
754
754
753
754
754
754
755
754
753
754
754
753
753
756
752
754
754
754
754
754
754
753
754
751
753
752
754
754
754
756
752
753
754
754
753
753
754
754
754
754
754
752
752
752
754
754
754
754
756
753
754
752
754
754
753
754
754
756
756
754
756
754
752
754
754
754
752
754
754
754
754
753
754
752
754
753
754
754
754
754
753
754
754
752
754
752
754
754
754
753
754
753
754
754
754
754
754
753
754
753
753
753
754
754
754
754
753
754
752
754
754
754
756
754
754
754
752
754
754
754
754
752
754
753
752
754
754
754
752
754
753
754
752
754
756
756
756
754
753
754
754
747
754
754
752
753
754
754
752
753
754
754
754
753
754
754
754
753
754
754
754
754
754
755
754
754
754
751
753
754
752
754
754
754
754
754
754
752
753
753
754
754
750
750
754
754
753
754
754
752
748
754
754
753
754
754
753
752
754
753
754
754
752
754
754
750
754
748
752
753
754
754
752
754
754
754
752
754
752
754
753
752
754
754
754
752
754
754
752
754
754
754
753
754
754
753
753
752
754
754
754
753
754
754
753
752
752
755
753
754
748
753
754
754
752
747
754
752
752
754
754
756
754
754
754
753
753
755
754
754
754
750
753
754
754
754
754
754
754
752
754
754
754
748
752
754
754
754
754
754
754
754
754
754
754
753
754
752
754
754
754
752
754
754
754
754
754
754
754
754
754
754
753
754
754
754
754
754
754
754
754
754
754
754
754
754
753
754
752
754
752
754
754
752
752
754
752
753
754
754
754
754
752
754
754
750
754
752
754
753
754
754
752
753
752
754
754
754
754
754
754
751
754
754
754
753
754
756
750
754
754
754
752
754
754
754
754
754
753
753
754
754
756
754
754
754
752
756
752
754
752
753
754
755
754
754
754
754
754
754
750
754
754
754
754
754
753
753
754
754
756
756
756
752
756
753
756
754
756
756
754
754
754
753
752
754
754
749
754
752
754
756
754
754
754
752
753
754
754
753
756
754
756
754
751
750
754
753
754
754
754
754
754
752
754
754
754
753
754
754
754
754
746
754
754
753
756
754
754
756
756
754
754
754
754
754
754
753
753
754
754
754
754
754
754
754
752
753
753
754
754
754
754
752
754
754
754
754
754
752
754
753
754
754
754
751
753
754
754
753
754
754
754
754
754
754
754
754
754
754
754
754
754
754
754
754
754
754
754
756
753
756
754
754
752
756
754
756
756
756
754
755
756
754
754
754
756
754
754
754
756
756
756
756
755
752
756
756
756
756
756
754
754
756
756
756
754
756
756
756
756
756
753
754
752
754
754
754
754
754
754
754
754
754
756
755
754
756
753
756
753
754
752
752
754
752
754
756
754
754
754
754
756
754
754
752
753
754
756
754
754
754
754
756
754
754
754
754
754
754
754
753
753
750
754
754
754
754
754
754
753
754
754
754
753
750
754
754
754
753
754
753
754
754
754
756
748
752
752
754
754
754
754
754
753
754
756
756
754
754
756
754
754
754
752
754
754
753
754
754
754
755
754
754
754
754
752
748
756
754
754
754
754
754
750
754
754
754
750
754
756
754
756
756
756
754
756
756
756
756
756
756
753
754
754
753
756
756
756
754
753
752
756
754
754
756
756
756
754
756
754
756
754
754
756
756
755
753
756
756
754
756
756
756
756
756
756
754
756
754
754
754
756
754
754
754
754
752
756
754
756
756
756
756
754
754
756
756
754
756
753
754
754
754
755
752
754
754
756
756
754
754
754
754
756
754
754
752
754
751
751
756
756
756
756
756
756
756
756
753
755
756
756
756
756
756
756
756
754
756
754
756
754
756
756
756
755
756
756
756
756
756
756
756
756
756
756
756
756
756
756
756
756
756
750
754
756
756
755
755
754
756
756
754
756
748
753
752
756
756
756
756
756
751
755
756
756
756
756
756
754
756
750
756
754
756
753
756
748
756
755
756
756
756
756
756
754
749
756
752
756
756
756
756
756
756
755
756
756
756
756
751
756
756
756
756
756
756
756
756
756
756
755
756
756
756
755
756
756
756
756
756
756
756
754
756
754
756
755
756
756
756
755
756
756
752
756
756
756
756
756
748
756
753
756
756
756
756
756
756
754
756
754
756
754
756
756
756
756
756
756
756
756
756
749
755
750
756
756
752
756
756
756
754
756
756
750
754
754
756
756
756
756
756
755
756
756
756
754
756
755
756
750
756
756
756
756
754
756
756
756
755
754
756
756
756
755
756
756
756
754
756
754
756
756
756
756
754
756
756
756
755
754
756
754
755
755
756
756
756
756
756
756
756
756
754
756
756
755
756
756
756
756
756
756
756
756
756
748
756
756
755
756
756
756
756
756
756
752
755
756
753
756
756
756
756
756
756
756
754
755
755
755
756
756
756
756
756
756
756
756
756
755
755
756
754
754
756
756
753
756
753
754
756
756
756
756
754
755
748
756
756
756
754
756
756
756
756
756
756
754
756
756
756
756
754
756
752
756
756
752
756
756
756
756
756
756
756
754
756
755
748
756
756
756
756
755
756
756
756
756
756
754
756
756
756
755
756
756
753
756
754
756
756
756
756
756
755
756
756
756
756
755
756
756
756
754
756
756
756
756
751
756
756
756
756
756
756
756
754
756
756
756
756
756
756
756
754
754
755
756
754
756
756
756
756
755
756
756
754
756
756
756
750
754
755
756
754
756
755
756
755
756
752
756
756
754
756
756
756
756
754
755
755
756
756
755
754
755
755
756
756
756
756
756
754
754
756
756
756
756
756
752
752
746
756
754
756
756
754
756
756
756
756
756
756
756
754
754
756
756
756
756
756
756
755
756
756
756
756
756
756
756
756
756
754
756
755
755
756
754
755
756
756
756
755
750
756
756
756
756
755
751
756
756
756
756
756
754
754
756
756
756
756
756
755
755
756
756
756
755
755
756
756
756
756
755
754
756
754
756
754
756
756
755
756
756
756
756
756
756
756
755
756
754
756
756
754
756
756
756
756
756
756
754
755
756
756
755
756
756
756
756
756
756
756
756
754
756
756
756
756
754
754
756
756
755
752
754
756
754
756
756
754
756
756
756
755
756
756
754
754
754
756
756
756
756
756
756
756
756
755
756
756
756
756
756
756
755
751
756
756
756
756
756
756
756
756
754
756
754
756
756
756
754
756
756
756
756
756
756
756
754
756
756
756
756
756
756
754
756
756
756
756
756
755
756
756
754
756
756
756
756
756
756
755
756
753
755
753
756
754
756
756
756
754
756
756
756
753
756
756
756
755
748
756
755
756
756
754
756
756
756
756
756
756
755
756
756
756
754
756
756
756
754
751
756
754
756
756
750
756
754
754
756
756
756
756
756
756
752
756
756
756
756
754
755
756
756
756
756
756
756
756
756
756
756
756
756
754
756
756
754
756
754
756
756
756
756
756
756
756
756
756
756
756
754
756
756
756
756
752
756
756
755
756
756
755
756
756
756
756
756
756
756
756
756
756
756
753
756
754
756
756
753
749
748
755
756
756
755
754
756
756
756
756
756
756
756
756
756
755
754
756
756
756
756
756
754
756
756
756
756
756
756
753
752
756
756
756
756
756
756
754
756
756
756
754
756
755
756
756
756
756
756
755
755
756
755
755
756
756
756
756
756
755
756
756
756
756
756
756
756
752
756
756
756
754
756
756
756
756
756
756
756
756
756
756
756
756
755
755
756
748
756
756
754
755
754
756
756
756
756
756
756
754
755
756
754
756
756
754
756
756
756
756
756
755
755
756
756
755
756
755
755
755
756
756
756
756
756
756
755
756
754
756
754
756
750
756
753
756
756
756
756
756
754
756
756
756
751
756
756
756
756
756
756
754
756
755
755
756
755
754
756
756
756
756
756
756
756
756
756
754
756
756
754
756
756
756
756
755
756
755
756
756
756
756
756
756
756
756
754
755
756
756
756
755
756
756
756
756
755
756
756
753
755
756
756
756
756
756
754
756
756
756
756
756
746
756
756
756
756
756
756
756
756
756
756
756
756
755
756
756
756
756
756
756
755
753
756
755
752
756
755
756
756
754
755
754
756
756
754
756
756
756
755
756
756
756
756
756
756
756
756
756
756
756
756
756
756
756
756
755
756
754
755
756
756
756
755
754
756
756
756
756
756
754
756
756
755
756
754
756
754
756
756
756
756
756
753
756
756
756
756
756
754
756
756
756
756
756
756
755
756
756
756
755
755
756
756
756
754
756
756
756
756
755
755
755
756
754
756
756
756
756
756
756
756
754
756
754
756
756
756
756
756
754
756
755
754
756
756
756
756
756
754
756
756
755
756
756
756
756
756
756
756
756
756
755
756
756
750
756
756
756
754
756
756
756
756
756
756
756
755
756
755
755
756
752
756
756
756
756
756
756
756
756
755
756
755
756
755
756
756
756
756
755
756
756
755
754
756
755
753
756
756
756
756
754
756
756
754
756
756
756
755
756
756
756
756
756
756
753
756
756
756
756
756
756
756
756
756
756
755
756
756
756
756
756
756
756
755
756
756
756
756
756
755
756
754
756
754
754
756
756
756
756
756
754
756
756
754
756
756
755
756
756
756
755
756
756
756
754
755
756
754
756
756
756
750
756
756
755
755
756
755
756
754
756
756
755
756
754
756
756
756
756
756
755
753
756
756
755
756
749
756
756
756
756
756
756
755
756
756
756
754
756
753
756
756
755
756
756
756
754
756
756
756
756
756
754
756
756
756
756
756
756
756
755
756
755
752
756
756
756
756
754
756
756
756
756
756
755
756
754
756
756
756
755
755
756
756
756
756
756
755
756
755
756
756
756
754
756
756
756
756
756
756
756
756
754
754
756
752
756
756
756
756
756
756
756
756
755
753
756
756
756
756
756
755
756
754
755
756
756
755
756
756
756
756
756
756
756
756
756
755
756
755
756
755
756
756
756
755
756
751
755
756
756
756
754
756
756
754
756
756
756
756
756
756
756
756
756
756
754
756
756
756
756
754
756
756
754
755
756
756
756
756
756
756
754
756
756
756
756
756
756
752
756
756
756
756
756
756
755
756
752
756
756
756
756
756
756
756
756
754
756
756
756
756
753
754
754
756
756
748
754
756
754
756
754
756
750
755
756
756
754
756
756
756
756
756
756
756
756
756
756
756
756
756
754
756
756
756
756
754
756
754
755
756
756
756
756
752
756
754
756
756
756
756
756
756
756
756
756
754
755
756
754
756
756
756
756
756
756
755
756
756
756
756
755
756
756
756
754
756
756
756
755
756
756
756
756
754
756
756
