200
200
200
200
200
200
200
200
200
200
200
200
200
200
200
200
200
200
200
200
200
200
200
200
200
200
200
200
200
200
200
200
200
132
200
200
200
200
200
200
200
200
187
200
200
200
200
200
200
200
200
200
200
200
200
200
59
200
108
100
200
200
200
200
200
200
99
200
200
180
200
200
100
58
200
131
36
143
37
200
200
200
200
200
200
200
200
200
200
200
200
82
200
200
200
200
200
200
200
200
200
200
124
200
200
200
200
200
200
200
200
200
200
192
200
185
40
92
200
68
200
91
200
195
91
70
200
70
120
200
41
143
200
200
129
47
200
160
200
167
200
173
168
200
40
184
104
200
146
200
114
98
200
83
200
200
157
90
53
48
126
61
198
200
118
139
200
200
200
200
200
200
200
200
102
200
200
200
70
88
87
200
112
111
105
200
101
58
50
126
200
62
200
115
115
135
153
200
59
200
200
200
135
142
123
25
200
200
53
200
177
65
52
46
19
63
30
20
53
45
63
49
35
69
36
200
61
88
200
119
18
24
69
200
200
27
46
200
169
102
45
19
69
57
200
74
22
98
200
16
200
24
43
115
40
51
36
35
25
25
106
195
48
118
21
188
30
200
28
16
34
124
63
44
29
18
17
64
16
18
14
57
18
19
56
16
119
42
17
25
200
131
61
28
58
17
20
48
61
15
37
16
15
38
25
17
43
28
21
23
118
44
47
51
32
23
23
21
17
27
18
26
39
17
65
19
36
26
17
28
32
27
113
14
19
22
26
48
47
22
16
18
67
31
45
55
28
89
87
119
76
40
38
22
27
35
23
36
16
27
38
17
24
34
33
17
94
81
63
27
17
22
54
20
17
25
32
170
29
46
21
16
26
29
23
67
102
63
180
36
43
160
31
109
22
181
69
176
200
138
200
200
200
78
200
200
128
73
45
55
69
42
109
145
117
162
200
103
32
158
52
171
48
200
32
56
37
76
68
72
43
16
28
39
26
71
108
36
121
61
36
44
61
31
109
45
25
28
41
43
55
58
59
73
136
76
28
30
120
32
197
62
80
18
50
55
94
27
56
76
178
62
43
87
40
36
65
14
28
75
102
55
42
50
21
31
35
38
20
44
51
70
69
52
33
23
128
16
47
45
35
27
62
63
67
42
80
48
48
64
44
29
47
128
33
26
157
25
96
68
68
53
45
30
24
46
38
73
27
63
156
30
90
34
29
29
31
32
27
67
40
29
23
22
20
200
24
28
23
14
24
14
35
52
36
28
16
14
23
28
19
20
27
26
27
23
20
200
26
28
24
22
21
199
170
14
20
25
16
33
33
41
42
28
25
23
20
50
38
112
23
17
42
16
19
26
20
64
19
16
23
20
18
24
22
31
48
17
67
39
32
16
19
16
16
20
23
16
16
16
16
16
18
16
17
17
23
23
16
17
16
20
16
200
16
17
16
35
20
20
16
16
16
16
22
18
21
22
16
16
16
16
17
16
18
16
20
16
16
27
16
65
19
31
23
16
21
16
16
37
20
16
17
16
18
16
16
16
16
16
25
17
16
16
18
16
16
16
25
16
16
19
16
16
17
21
24
16
19
18
18
72
16
16
25
16
17
18
33
16
19
16
16
28
16
17
21
14
21
16
17
16
16
17
19
16
16
16
16
18
20
22
17
18
16
17
16
19
18
16
16
21
22
27
22
21
16
25
16
18
33
23
16
21
16
19
16
18
33
16
17
25
17
20
16
17
18
17
41
16
20
17
23
20
20
16
16
17
17
16
19
24
18
16
16
16
18
16
16
16
16
16
17
16
17
16
16
18
19
16
19
20
17
17
16
16
17
19
31
18
16
23
21
16
22
32
61
20
44
17
24
65
28
23
37
16
17
16
18
16
17
16
16
22
16
20
22
24
19
18
16
16
16
17
16
17
18
16
16
16
16
18
16
18
16
16
16
16
16
16
16
16
16
16
16
16
17
16
16
16
29
16
16
16
16
19
16
16
17
16
16
19
16
17
16
16
16
16
16
31
16
17
16
16
17
16
16
20
16
16
16
19
16
16
22
16
16
25
17
20
18
16
17
16
17
21
16
23
17
16
16
17
16
16
16
16
16
16
16
16
16
16
16
16
16
17
17
16
17
16
16
16
16
17
18
16
16
16
16
17
16
16
17
16
16
16
16
16
17
188
18
28
16
16
16
16
17
16
19
16
20
16
16
17
16
16
16
31
16
16
16
18
16
23
17
16
22
18
16
18
16
16
37
40
16
80
16
16
16
16
16
16
16
16
32
16
16
17
18
16
18
16
16
16
16
17
16
18
16
17
16
16
22
16
16
17
16
21
18
16
16
20
16
16
16
16
16
24
16
26
16
16
26
99
30
77
18
26
24
86
22
44
32
25
30
101
16
43
18
50
65
18
16
19
18
16
24
40
28
23
22
16
59
53
17
16
16
16
16
33
27
29
16
18
16
58
20
25
17
16
16
16
16
16
16
17
145
16
17
16
16
16
16
20
16
16
16
16
16
22
16
16
16
16
22
59
16
28
16
16
18
16
17
18
16
16
19
17
18
16
20
34
16
16
17
16
16
21
16
16
16
16
32
16
16
22
16
16
16
16
16
23
16
28
16
16
18
16
16
16
18
16
16
16
17
16
131
18
16
26
16
26
20
28
25
16
16
16
16
16
16
18
16
18
16
17
16
16
16
16
138
16
18
16
16
16
22
16
16
16
16
16
16
16
16
16
16
16
16
21
16
24
16
35
19
16
16
16
31
28
48
16
17
16
16
20
16
16
16
18
16
16
16
88
24
111
17
25
63
17
28
16
16
16
29
16
20
20
200
16
53
16
16
16
16
16
16
17
16
24
16
16
17
33
16
16
17
16
26
16
19
16
16
16
30
16
16
16
20
16
16
17
16
16
17
16
16
16
16
16
16
16
130
56
16
16
16
16
17
16
16
16
16
16
16
18
16
16
16
16
16
16
16
16
16
16
17
17
16
47
16
16
16
16
16
16
16
16
16
16
16
16
16
19
16
16
22
16
16
16
16
16
16
16
41
86
16
16
16
16
16
16
142
16
16
16
16
16
16
16
16
16
16
16
16
16
16
16
17
16
16
16
16
16
16
16
16
16
16
16
16
16
17
16
16
16
16
16
18
16
16
16
16
17
16
16
17
16
16
16
16
16
16
16
16
16
16
17
16
17
16
16
16
18
16
16
16
16
16
200
19
16
17
17
16
16
16
16
16
16
16
16
16
16
16
16
16
17
16
16
70
48
43
16
29
16
35
28
16
17
17
16
16
16
16
16
16
16
16
17
18
16
16
55
16
18
16
16
16
16
16
16
16
16
16
16
16
16
16
16
16
16
16
16
16
17
18
16
16
16
16
16
16
16
16
16
16
16
16
16
16
16
16
18
17
16
16
16
16
16
16
16
16
16
16
16
16
16
16
16
16
16
16
16
16
17
16
16
16
16
16
16
17
16
16
16
16
16
16
16
16
16
16
16
16
16
16
16
16
16
16
16
16
16
16
16
16
16
16
16
18
16
16
16
16
16
16
16
16
18
16
16
16
17
16
16
16
18
16
16
16
16
16
16
16
17
16
16
16
16
17
200
16
16
16
17
16
16
16
22
16
16
16
16
16
16
16
16
200
16
16
16
16
16
16
16
16
16
16
17
16
16
16
16
16
16
16
16
18
17
16
16
16
17
16
16
16
22
16
16
16
16
17
16
16
16
16
16
16
16
16
18
16
16
16
16
17
17
16
16
16
16
16
16
16
16
16
16
16
16
18
16
17
16
16
16
16
16
16
16
16
17
16
16
17
16
16
16
16
16
18
16
16
16
16
16
16
16
16
16
16
16
16
16
16
16
19
16
16
16
16
16
16
16
16
16
16
16
16
17
16
16
16
16
16
20
16
16
18
16
17
16
16
18
18
16
17
16
16
16
16
16
18
18
21
200
140
105
200
200
200
200
200
200
200
200
200
200
200
200
174
200
75
18
163
18
18
21
18
27
44
19
48
18
18
18
20
18
18
18
18
18
18
18
19
68
22
22
22
18
18
24
18
18
30
18
18
18
16
16
16
16
16
18
17
40
42
16
17
55
27
29
21
16
16
16
16
16
22
16
18
36
58
16
64
200
146
200
53
102
109
199
34
44
16
90
49
200
148
125
35
39
68
16
18
25
29
39
16
16
26
18
19
200
45
43
66
31
26
16
40
21
16
59
19
18
22
16
25
17
16
16
16
27
16
17
29
16
16
16
30
17
23
16
16
26
31
18
16
33
16
16
16
16
16
16
16
16
18
16
16
20
16
16
16
16
16
16
20
16
24
25
18
55
16
16
28
16
21
16
16
16
24
18
17
30
30
21
16
20
16
16
16
16
16
16
18
16
22
16
16
34
42
200
200
200
200
20
200
35
16
80
189
24
19
26
16
16
16
44
19
34
16
22
38
17
131
78
18
40
16
182
16
200
16
16
16
16
200
200
200
200
200
200
200
54
200
92
175
14
28
14
14
14
34
18
24
14
15
16
79
34
20
14
26
24
14
14
16
15
14
200
16
16
16
16
16
16
16
200
17
17
16
16
16
16
16
16
16
17
16
16
16
16
16
16
16
16
16
16
16
16
16
16
16
21
16
16
16
16
17
16
16
16
16
16
16
16
16
16
16
16
16
16
22
16
16
16
16
16
16
16
16
16
16
16
16
18
17
17
16
16
16
16
16
16
16
16
16
16
16
16
16
16
16
16
16
16
16
16
16
16
16
16
16
20
18
16
17
16
21
16
16
17
16
16
16
16
16
16
16
16
16
16
16
16
16
16
16
16
16
16
16
16
16
16
16
16
16
16
16
16
16
16
16
16
16
16
16
16
18
16
16
16
16
16
16
16
16
16
16
16
19
16
16
16
16
16
16
16
16
16
17
18
18
16
16
17
16
16
16
16
16
16
16
16
16
16
16
16
16
16
16
16
18
16
16
16
16
16
16
16
16
16
16
16
16
16
16
16
16
16
16
16
16
17
16
16
16
16
16
16
16
16
16
16
16
16
16
16
16
16
16
16
16
16
16
16
18
16
16
17
16
16
16
18
16
18
18
16
16
16
16
16
16
16
16
16
18
16
16
16
17
16
16
16
18
16
18
16
16
16
16
16
16
16
16
19
16
16
17
16
17
16
16
16
16
20
16
16
22
16
16
16
24
22
17
16
16
16
16
16
16
16
16
16
16
16
16
16
16
16
16
16
17
16
16
16
16
16
16
16
16
16
16
16
16
16
16
16
16
16
16
16
18
16
16
18
16
16
16
16
16
17
16
16
16
16
16
16
16
16
16
16
16
16
16
16
16
16
16
16
16
16
16
16
18
16
16
18
16
16
16
16
16
16
16
18
16
16
16
16
16
16
16
16
16
16
16
16
16
16
16
17
16
16
16
16
16
16
16
16
16
16
16
16
17
16
16
16
16
16
16
16
16
16
16
16
16
18
16
16
16
16
16
16
16
16
16
16
16
16
16
16
16
22
18
200
16
16
16
16
16
16
16
16
16
16
16
16
16
16
16
16
16
16
16
16
16
16
16
16
16
16
16
16
16
16
16
16
16
16
16
16
17
16
16
16
16
16
16
16
16
17
16
16
16
16
16
18
16
16
16
16
16
17
16
16
200
16
17
16
16
16
16
16
16
16
16
16
16
18
16
16
17
16
16
16
16
16
16
16
16
16
16
16
16
16
16
16
16
16
16
16
16
16
16
17
16
16
16
16
16
16
16
16
16
16
16
16
16
16
16
18
16
16
16
16
16
16
18
20
16
16
16
16
16
16
16
16
16
16
16
16
16
16
16
16
16
16
16
16
16
16
16
16
16
16
16
18
16
16
17
16
16
16
16
16
16
16
16
16
16
16
16
16
16
16
16
16
16
16
16
16
16
16
16
16
16
16
18
16
16
16
16
16
16
16
16
16
16
16
16
16
16
16
16
16
17
16
18
16
16
16
16
16
16
16
16
16
16
16
200
16
16
16
16
18
16
16
17
16
16
200
16
16
16
16
16
16
16
16
16
16
16
16
16
16
16
16
16
16
16
16
16
16
16
16
16
16
16
16
16
16
16
16
16
16
16
16
16
16
16
16
16
16
23
16
16
16
16
16
16
17
16
16
16
16
16
16
16
16
16
16
16
16
16
16
16
16
17
16
17
16
18
16
16
16
16
16
17
16
16
16
16
16
16
17
16
16
16
16
16
16
16
16
16
16
16
16
16
16
16
16
17
17
16
16
16
16
18
16
16
16
16
16
16
16
16
16
16
16
16
16
16
16
16
16
16
17
16
16
16
16
16
16
16
16
16
16
16
16
16
16
16
16
16
16
14
16
16
16
16
16
16
16
16
16
16
16
16
16
16
18
16
200
16
16
14
16
16
16
17
16
16
16
16
16
16
16
16
15
14
14
14
14
14
16
14
16
16
14
14
16
14
14
14
14
14
14
14
16
14
14
15
16
14
14
14
14
14
14
14
15
14
15
15
14
16
14
14
14
14
14
14
14
14
14
14
14
14
14
14
14
14
14
14
14
14
14
14
14
14
14
15
14
14
16
14
14
14
15
16
14
14
14
14
14
14
14
14
15
14
14
14
16
14
14
14
14
14
14
14
14
14
14
14
17
14
14
15
14
14
14
14
14
14
14
14
14
14
14
14
14
14
14
14
14
14
14
14
14
14
15
14
14
14
14
14
14
14
16
14
14
14
14
14
14
18
14
14
14
14
14
14
14
14
14
14
14
14
14
14
14
14
14
14
14
16
14
14
14
14
14
14
14
14
14
14
14
14
14
14
14
18
14
14
14
14
14
14
14
14
14
14
14
14
14
14
14
14
14
14
14
14
14
14
14
14
14
14
14
15
14
14
14
14
15
14
14
14
14
14
14
14
14
14
14
14
14
14
14
14
14
14
14
14
14
15
14
14
14
14
14
14
14
14
14
14
14
14
16
14
14
14
14
14
14
14
15
14
14
14
14
14
14
14
14
14
14
16
14
14
14
14
15
15
14
14
16
14
14
14
14
14
14
16
14
14
14
14
14
15
14
14
14
14
14
14
14
14
14
14
14
14
14
15
14
14
14
14
14
14
15
14
14
14
14
14
14
14
14
14
14
14
14
14
15
14
14
14
14
14
14
14
14
14
14
14
14
14
14
14
14
14
16
14
14
14
15
14
14
14
14
14
14
14
14
14
14
15
14
14
14
14
14
15
14
14
14
14
14
14
14
14
14
14
14
14
14
14
14
14
14
14
14
14
14
20
14
14
14
14
14
14
14
14
14
14
14
14
17
15
14
14
14
14
14
14
14
14
14
14
14
14
14
14
14
14
14
14
14
16
14
14
14
14
14
14
14
14
14
14
16
14
14
14
14
14
15
14
14
14
14
14
14
16
14
15
14
14
14
14
14
14
14
14
14
14
14
14
14
14
14
14
14
14
14
14
16
15
14
14
14
14
14
14
14
14
14
16
14
14
16
14
14
14
14
16
14
14
14
14
14
14
14
14
14
14
14
14
15
14
14
14
14
14
14
14
14
14
14
14
14
14
14
14
14
14
14
14
14
14
14
14
14
14
14
14
14
14
14
14
14
14
14
14
14
14
14
14
14
14
14
14
14
21
14
14
14
14
16
14
14
14
18
14
15
14
14
14
14
14
14
14
14
14
14
15
14
14
14
15
18
14
14
14
14
14
14
14
14
15
14
15
14
14
14
14
14
14
14
16
15
14
14
14
16
14
14
14
14
14
14
14
14
14
14
14
14
14
14
14
14
14
14
14
15
15
14
14
14
14
14
14
14
14
14
14
14
14
14
14
14
14
14
14
14
14
14
14
14
14
14
14
14
14
14
14
14
14
14
14
14
14
14
14
14
15
14
18
14
14
14
14
16
14
14
14
14
14
14
15
14
14
14
15
14
14
14
14
14
14
14
15
14
14
14
15
14
14
14
14
14
14
14
18
14
14
14
14
14
14
14
14
14
14
14
14
14
14
14
14
15
14
14
14
16
14
15
16
14
14
14
14
14
14
16
14
14
14
14
14
14
14
14
14
14
14
14
14
14
16
14
14
14
14
14
14
14
14
14
14
14
14
14
14
14
14
14
14
14
14
14
14
17
15
16
16
14
15
14
14
14
14
14
14
14
14
14
14
14
14
14
14
14
14
16
15
14
14
14
14
14
15
14
14
14
14
14
14
14
14
14
16
14
14
14
14
14
14
15
14
14
14
14
14
14
14
14
14
14
14
14
14
14
14
14
14
14
18
14
14
14
14
14
14
14
15
14
14
14
14
14
14
14
14
14
14
14
14
14
14
14
14
14
15
14
14
14
16
14
14
14
14
14
14
14
14
14
14
14
14
14
14
14
14
15
14
14
14
14
14
14
14
14
14
14
14
14
14
14
14
14
14
14
14
14
14
14
14
14
14
14
14
14
14
16
14
14
14
14
14
14
14
14
14
14
14
14
14
14
14
14
14
14
15
14
14
14
14
200
14
14
200
14
14
14
14
14
16
14
14
14
14
14
14
14
14
14
14
14
14
14
14
14
14
14
14
14
14
14
14
14
14
14
14
14
15
14
14
16
14
14
14
14
14
14
14
14
14
14
14
14
14
14
14
14
14
14
15
16
14
15
14
14
14
15
14
14
14
14
14
14
14
14
14
14
14
14
14
14
14
14
14
14
14
14
14
14
14
14
14
14
14
14
14
14
14
15
14
15
14
14
14
14
14
18
14
14
14
14
15
14
14
14
14
14
14
14
14
14
14
14
14
14
14
14
14
14
14
14
16
14
14
14
15
14
14
14
14
14
15
14
14
14
14
14
16
14
14
15
14
14
14
14
14
14
14
14
14
14
14
14
14
14
14
14
14
14
41
15
14
14
15
15
14
14
14
14
15
14
14
14
15
14
14
16
14
14
14
14
14
14
14
14
14
14
14
14
14
14
14
14
14
14
14
14
14
14
14
14
14
14
18
14
14
14
16
14
14
14
14
15
16
15
14
14
14
14
14
14
45
14
14
14
16
16
14
14
14
14
14
14
15
15
14
14
14
14
14
14
16
14
14
14
16
18
14
14
14
14
15
14
14
14
14
14
14
14
16
14
14
14
14
14
15
14
14
14
14
14
15
14
14
14
14
14
14
14
14
14
14
14
14
14
14
14
14
14
14
15
14
14
14
14
14
14
16
14
14
14
14
15
14
14
14
16
15
14
16
14
14
14
15
14
14
14
14
14
15
14
14
14
14
17
14
14
14
14
14
14
14
14
14
14
14
14
14
14
14
14
15
14
14
14
14
14
14
14
14
14
16
14
14
14
14
14
14
14
14
14
14
14
14
14
14
14
15
14
14
14
14
14
14
15
14
14
14
14
14
14
14
14
14
14
14
14
14
14
14
15
14
14
14
14
14
14
14
14
14
14
14
14
14
20
14
14
14
14
14
16
14
14
14
14
14
14
14
14
14
14
14
14
14
14
14
15
15
14
14
14
14
14
14
14
14
14
14
14
14
14
14
14
14
14
14
14
14
14
14
14
14
14
14
14
14
14
14
15
14
14
15
14
14
14
14
14
14
14
14
16
15
14
14
14
14
14
15
14
15
14
14
14
14
14
14
14
14
14
14
14
14
14
14
14
14
14
14
14
14
14
16
14
16
14
14
14
14
14
15
14
14
14
14
14
14
14
15
14
14
14
15
14
14
14
14
16
14
14
14
14
14
14
14
14
14
14
14
14
14
14
14
15
14
14
14
14
14
14
14
14
14
14
14
14
14
14
14
15
14
14
14
14
14
14
14
14
14
14
14
14
14
14
14
16
14
16
14
14
14
14
14
14
14
14
14
16
14
14
14
14
14
14
14
14
15
14
14
14
14
14
14
14
15
15
14
14
14
14
14
15
14
14
14
14
14
14
14
14
14
14
14
15
14
14
14
14
14
14
14
14
14
14
14
14
14
14
16
14
14
14
14
14
14
14
15
14
14
14
14
14
14
14
14
14
15
14
14
14
14
14
14
14
14
15
14
14
14
15
14
14
14
14
14
14
14
14
14
14
14
14
14
14
14
14
14
14
16
14
14
14
14
14
14
14
14
14
14
14
14
14
14
14
14
14
14
14
15
14
14
14
14
15
14
14
14
15
14
14
15
14
14
14
14
14
14
14
14
14
16
16
14
14
14
14
15
14
14
14
14
14
14
14
14
14
15
14
14
14
16
14
14
15
20
14
14
14
14
14
16
14
14
14
14
14
14
14
14
16
14
14
14
14
14
18
14
14
14
14
15
14
14
14
14
14
14
14
14
14
14
14
14
14
14
14
15
14
14
14
16
14
14
14
14
14
14
14
14
14
14
14
14
14
14
14
14
14
14
16
14
14
14
14
14
14
14
14
14
14
14
14
14
14
14
14
14
14
14
14
14
14
14
15
14
14
14
14
14
14
14
14
14
14
14
14
14
14
14
14
14
14
14
14
14
15
14
14
14
14
14
15
14
15
14
14
14
14
14
14
14
14
14
14
14
14
14
14
14
14
14
14
14
14
14
14
18
14
14
14
14
14
14
14
14
14
14
14
14
14
14
14
14
14
14
14
14
14
14
14
14
14
14
16
14
14
14
14
14
14
14
14
16
20
14
14
14
14
14
14
14
14
14
16
14
14
14
14
15
14
14
16
16
14
14
14
14
14
14
14
14
14
14
14
17
14
14
14
14
14
14
16
14
14
14
14
14
14
14
14
14
14
14
16
15
15
14
14
14
14
14
14
14
15
14
14
14
14
14
14
14
14
14
17
14
16
14
14
14
14
14
14
14
14
14
14
14
14
14
14
14
14
14
14
14
14
14
14
14
14
14
14
14
16
14
14
14
14
16
14
14
14
14
14
14
14
14
14
14
14
14
14
14
14
14
14
14
14
14
14
14
14
14
14
14
14
14
14
14
14
14
14
14
14
14
14
14
14
14
14
14
15
14
14
14
14
14
14
15
14
14
14
14
14
14
14
14
14
14
14
14
14
14
14
14
14
14
14
14
14
14
14
14
14
14
14
14
14
16
14
14
14
14
14
14
14
14
14
14
14
14
14
14
14
14
16
14
16
14
14
14
14
14
14
14
14
14
14
14
14
14
15
14
14
14
14
14
14
14
14
14
14
18
14
14
14
14
14
14
14
14
14
14
14
14
16
14
14
14
14
14
14
14
14
14
15
14
14
14
16
14
14
14
14
14
14
14
14
14
14
14
14
14
14
16
14
14
14
14
14
14
14
15
14
14
14
14
14
14
14
14
16
15
14
14
14
14
14
14
14
14
15
14
14
14
14
14
14
14
14
14
15
14
14
16
14
14
14
14
14
14
14
14
14
14
16
14
14
14
14
14
14
14
14
14
14
14
14
14
14
14
14
14
14
14
14
14
16
14
14
14
14
16
14
14
14
14
14
14
14
14
14
14
14
14
14
15
14
14
14
14
14
14
14
14
14
14
14
14
14
16
14
14
14
14
14
14
14
14
14
14
14
15
14
14
14
14
14
14
14
14
14
16
14
14
14
15
14
14
14
14
16
14
14
14
14
14
14
14
14
15
14
14
14
14
14
14
14
14
14
14
14
14
14
14
14
14
14
14
14
14
14
14
14
14
14
15
14
14
14
14
15
14
14
14
14
14
14
14
14
14
14
14
14
14
16
14
14
14
14
14
14
14
14
15
14
14
14
14
14
14
14
14
14
14
14
14
14
14
14
14
14
14
14
14
14
14
14
14
14
14
14
14
14
14
14
16
14
14
14
14
14
14
14
14
14
14
14
14
14
14
14
14
14
16
15
14
14
14
16
14
14
16
14
14
15
14
14
14
14
18
14
14
14
14
14
14
14
14
14
14
14
14
14
14
14
14
14
14
14
14
14
14
14
14
14
14
14
14
14
14
14
14
14
16
15
14
14
14
14
14
14
16
16
16
14
14
14
14
15
14
14
14
14
14
14
14
14
14
14
14
14
14
14
14
17
14
14
14
14
14
14
14
15
14
14
15
14
14
14
14
14
14
14
14
14
14
14
16
14
14
14
14
14
14
14
14
14
14
14
14
14
14
16
14
14
14
14
14
14
14
14
14
14
14
14
15
14
14
16
14
14
14
14
14
14
14
14
14
14
14
14
14
14
14
14
14
14
14
15
14
14
14
15
14
14
14
14
15
14
14
14
14
14
14
14
14
15
14
14
15
14
14
14
14
14
14
14
14
14
14
14
14
14
16
14
14
17
14
14
16
14
15
14
14
14
14
14
14
14
14
14
14
14
14
14
14
14
15
14
14
14
14
14
14
14
16
15
14
14
14
14
14
14
14
14
14
15
14
14
16
15
14
14
14
14
14
14
14
14
14
14
14
14
14
14
14
14
14
14
14
14
14
14
14
14
14
14
14
14
14
14
14
15
14
14
15
14
14
14
14
14
14
14
14
15
14
14
14
14
14
14
14
14
16
14
14
14
14
14
14
14
14
14
14
14
14
14
14
14
14
14
14
14
14
14
14
15
14
14
14
14
14
14
14
14
15
14
14
14
14
14
14
14
14
14
14
14
14
14
14
14
14
14
14
14
14
14
14
14
14
14
15
14
14
14
14
14
14
16
14
14
16
16
14
14
14
14
14
14
14
14
14
14
14
14
14
14
14
14
14
14
15
14
14
14
14
14
14
14
16
14
14
14
14
15
14
14
14
14
14
