-200
-200
-200
-200
-200
-200
-200
-200
-200
-200
-200
-200
-200
-200
-200
-200
-200
-200
-200
-200
-200
-200
-200
-200
-200
-200
-200
-200
-200
-200
-200
-200
-200
68
-200
-200
-200
0
-200
-200
-200
-200
13
-200
-200
-200
-200
-200
-200
-200
-200
-200
-200
-200
-200
-200
141
-200
92
100
-200
-200
-200
-200
-200
-200
101
-200
-200
20
-200
-200
100
142
-200
69
164
57
163
-200
-200
-200
-200
-200
-200
-200
-200
-200
-200
-200
-200
118
-200
-200
-200
-200
-200
-200
-200
-200
-200
-200
76
-200
-200
-200
-200
-200
-200
-200
-200
-200
-200
8
-200
15
160
108
-200
132
-200
109
-200
5
109
130
-200
130
80
-200
159
57
-200
-200
71
153
-200
40
-200
33
-200
27
32
-200
160
16
96
-200
54
-200
86
102
-200
117
-200
-200
43
110
147
152
74
139
2
-200
82
61
-200
-200
-200
-200
-200
-200
-200
-200
98
-200
-200
-200
130
112
113
-200
88
89
95
-200
99
142
150
74
-200
138
-200
85
85
65
47
-200
141
-200
-200
-200
65
58
77
175
0
-200
147
-200
23
135
148
154
181
137
170
180
147
155
137
151
165
131
164
-200
139
112
-200
81
182
176
131
-200
-200
173
154
-200
31
98
155
181
131
143
-200
126
178
102
-200
184
-200
176
157
85
160
149
164
165
175
175
94
5
152
82
179
12
170
-200
172
184
166
76
137
156
171
182
183
136
184
182
186
143
182
181
144
184
81
158
183
175
-200
69
139
172
142
183
180
152
139
185
163
184
185
162
175
183
157
172
179
177
82
156
153
149
168
177
177
179
183
173
182
174
161
183
135
181
164
174
183
172
168
173
87
186
181
178
174
152
153
178
184
182
133
169
155
145
172
111
113
81
124
160
162
178
173
165
177
164
184
173
162
183
176
166
167
183
106
119
137
173
183
178
146
180
183
175
168
30
171
154
179
184
174
171
177
133
98
137
20
164
157
40
169
91
178
19
131
24
-200
62
-200
0
-200
122
-200
-200
72
127
155
145
131
158
91
55
83
38
-200
97
168
42
148
29
152
-200
168
144
163
124
132
128
157
184
172
161
174
129
92
164
79
139
164
156
139
169
91
155
175
172
159
157
145
142
141
127
64
124
172
170
80
168
3
138
120
182
150
145
106
173
144
124
22
138
157
113
160
164
135
186
172
125
98
145
158
150
179
169
165
162
180
156
149
130
131
148
167
177
72
184
153
155
165
173
138
137
133
158
120
152
152
136
156
171
153
72
167
174
43
175
104
132
132
147
155
170
176
154
162
127
173
137
44
170
110
166
171
171
169
168
173
133
160
171
177
178
180
-200
176
172
177
186
176
186
165
148
164
172
184
186
177
172
181
180
173
174
173
177
180
-200
174
172
176
178
179
1
30
186
180
175
184
167
167
159
158
172
175
177
180
150
162
88
177
183
158
184
181
174
180
136
181
184
177
180
182
176
178
169
152
183
133
161
168
184
181
184
184
180
177
184
184
184
184
184
182
184
183
183
177
177
184
183
184
180
184
-200
184
183
184
165
180
180
184
184
184
184
178
182
179
178
184
184
184
184
183
184
182
184
180
184
184
173
184
135
181
169
177
184
179
184
184
163
180
184
183
184
182
184
184
184
184
184
175
183
184
184
182
184
184
184
175
184
184
181
184
184
183
179
176
184
181
182
182
128
184
184
175
184
183
182
167
184
181
184
184
172
184
183
179
186
179
184
183
184
184
183
181
184
184
184
184
182
180
178
183
182
184
183
184
181
182
184
184
179
178
173
178
179
184
175
184
182
167
177
184
179
184
181
184
182
167
184
183
175
183
180
184
183
182
183
159
184
180
183
177
180
180
184
184
183
183
184
181
176
182
184
184
184
182
184
184
184
184
184
183
184
183
184
184
182
181
184
181
180
183
183
184
184
183
181
169
182
184
177
179
184
178
168
139
180
156
183
176
135
172
177
163
184
183
184
182
184
183
184
184
178
184
180
178
176
181
182
184
184
184
183
184
183
182
184
184
184
184
182
184
182
184
184
184
184
184
184
184
184
184
184
184
184
183
184
184
184
171
184
184
184
184
181
184
184
183
184
184
181
184
183
184
184
184
184
184
169
184
183
184
184
183
184
184
180
184
184
184
181
184
184
178
184
184
175
183
180
182
184
183
184
183
179
184
177
183
184
184
183
184
184
184
184
184
184
184
184
184
184
184
184
184
183
183
184
183
184
184
184
184
183
182
184
184
184
184
183
184
184
183
184
184
184
184
184
183
12
182
172
184
184
184
184
183
184
181
184
180
184
184
183
184
184
184
169
184
184
184
182
184
177
183
184
178
182
184
182
184
184
163
160
184
120
184
184
184
184
184
184
184
184
168
184
184
183
182
184
182
184
184
184
184
183
184
182
184
183
184
184
178
184
184
183
184
179
182
184
184
180
184
184
184
184
184
176
184
174
184
184
174
101
170
123
182
174
176
114
178
156
168
175
170
99
184
157
182
150
135
182
184
181
182
184
176
160
172
177
178
184
141
147
183
184
184
184
184
167
173
171
184
182
184
142
180
175
183
184
184
184
184
184
184
183
55
184
183
184
184
184
184
180
184
184
184
184
184
178
184
184
184
184
178
141
184
172
184
184
182
184
183
182
184
184
181
183
182
184
180
166
184
184
183
184
184
179
184
184
184
184
168
184
184
178
184
184
184
184
184
177
184
172
184
184
182
184
184
184
182
184
184
184
183
184
69
182
184
174
184
174
180
172
175
184
184
184
184
184
184
182
184
182
184
183
184
184
184
184
62
184
182
184
184
184
178
184
184
184
184
184
184
184
184
184
184
184
184
179
184
176
184
165
181
184
184
184
169
172
152
184
183
184
184
180
184
184
184
182
184
184
184
112
176
89
183
175
137
183
172
184
184
184
171
184
180
180
-200
184
147
184
184
184
184
184
184
183
184
176
184
184
183
167
184
184
183
184
174
184
181
184
184
184
170
184
184
184
180
184
184
183
184
184
183
184
184
184
184
184
184
184
70
144
184
184
184
184
183
184
184
184
184
184
184
182
184
184
184
184
184
184
184
184
184
184
183
183
184
153
184
184
184
184
184
184
184
184
184
184
184
184
184
181
184
184
178
184
184
184
184
184
184
184
159
114
184
184
184
184
184
184
58
184
184
184
184
184
184
184
184
184
184
184
184
184
184
184
183
184
184
184
184
184
184
184
184
184
184
184
184
184
183
184
184
184
184
184
182
184
184
184
184
183
184
184
183
184
184
184
184
184
184
184
184
184
184
183
184
183
184
184
184
182
184
184
184
184
184
-200
181
184
183
183
184
184
184
184
184
184
184
184
184
184
184
184
184
183
184
184
130
152
157
184
171
184
165
172
184
183
183
184
184
184
184
184
184
184
184
183
182
184
184
145
184
182
184
184
184
184
184
184
184
184
184
184
184
184
184
184
184
184
184
184
184
183
182
184
184
184
184
184
184
184
184
184
184
184
184
184
184
184
184
182
183
184
184
184
184
184
184
184
184
184
184
184
184
184
184
184
184
184
184
184
184
183
184
184
184
184
184
184
183
184
184
184
184
184
184
184
184
184
184
184
184
184
184
184
184
184
184
184
184
184
184
184
184
184
184
184
182
184
184
184
184
184
184
184
184
182
184
184
184
183
184
184
184
182
184
184
184
184
184
184
184
183
184
184
184
184
183
-200
184
184
184
183
184
184
184
178
184
184
184
184
184
184
184
184
-200
184
184
184
184
184
184
184
184
184
184
183
184
184
184
184
184
184
184
184
182
183
184
184
184
183
184
184
184
178
184
184
184
184
183
184
184
184
184
184
184
184
184
182
184
184
184
184
183
183
184
184
184
184
184
184
184
184
184
184
184
184
182
184
183
184
184
184
184
184
184
184
184
183
184
184
183
184
184
184
184
184
182
184
184
184
184
184
184
184
184
184
184
184
184
184
184
184
181
184
184
184
184
184
184
184
184
184
184
184
184
183
184
184
184
184
184
180
184
184
182
184
183
184
184
182
182
184
183
184
184
184
184
184
182
182
179
-200
60
95
-200
-200
-200
-200
-200
-200
-200
-200
-200
-200
-200
-200
26
-200
125
182
37
182
182
179
182
173
156
181
152
182
182
182
180
182
182
182
182
182
182
182
181
132
178
178
178
182
182
176
182
182
170
182
182
182
184
184
184
184
184
182
183
160
158
184
183
145
173
171
179
184
184
184
184
184
178
184
182
164
142
184
136
-200
54
-200
147
98
91
1
166
156
184
110
151
-200
52
75
165
161
132
184
182
175
171
161
184
184
174
182
181
-200
155
157
134
169
174
184
160
179
184
141
181
182
178
184
175
183
184
184
184
173
184
183
171
184
184
184
170
183
177
184
184
174
169
182
184
167
184
184
184
184
184
184
184
184
182
184
184
180
184
184
184
184
184
184
180
184
176
175
182
145
184
184
172
184
179
184
184
184
176
182
183
170
170
179
184
180
184
184
184
184
184
184
182
184
178
184
184
166
158
-200
-200
-200
-200
180
-200
165
184
120
11
176
181
174
184
184
184
156
181
166
184
178
162
183
69
122
182
160
184
18
184
-200
184
184
184
184
-200
-200
-200
-200
-200
-200
-200
146
-200
108
25
186
172
186
186
186
166
182
176
186
185
184
121
166
180
186
174
176
186
186
184
185
186
-200
184
184
184
184
184
184
184
-200
183
183
184
184
184
184
184
184
184
183
184
184
184
184
184
184
184
184
184
184
184
184
184
184
184
179
184
184
184
184
183
184
184
184
184
184
184
184
184
184
184
184
184
184
178
184
184
184
184
184
184
184
184
184
184
184
184
182
183
183
184
184
184
184
184
184
184
184
184
184
184
184
184
184
184
184
184
184
184
184
184
184
184
184
184
180
182
184
183
184
179
184
184
183
184
184
184
184
184
184
184
184
184
184
184
184
184
184
184
184
184
184
184
184
184
184
184
184
184
184
184
184
184
184
184
184
184
184
184
184
182
184
184
184
184
184
184
184
184
184
184
184
181
184
184
184
184
184
184
184
184
184
183
182
182
184
184
183
184
184
184
184
184
184
184
184
184
184
184
184
184
184
184
184
182
184
184
184
184
184
184
184
184
184
184
184
184
184
184
184
184
184
184
184
184
183
184
184
184
184
184
184
184
184
184
184
184
184
184
184
184
184
184
184
184
184
184
184
182
184
184
183
184
184
184
182
184
182
182
184
184
184
184
184
184
184
184
184
182
184
184
184
183
184
184
184
182
184
182
184
184
184
184
184
184
184
184
181
184
184
183
184
183
184
184
184
184
180
184
184
178
184
184
184
176
178
183
184
184
184
184
184
184
184
184
184
184
184
184
184
184
184
184
184
183
184
184
184
184
184
184
184
184
184
184
184
184
184
184
184
184
184
184
184
182
184
184
182
184
184
184
184
184
183
184
184
184
184
184
184
184
184
184
184
184
184
184
184
184
184
184
184
184
184
184
184
182
184
184
182
184
184
184
184
184
184
184
182
184
184
184
184
184
184
184
184
184
184
184
184
184
184
184
183
184
184
184
184
184
184
184
184
184
184
184
184
183
184
184
184
184
184
184
184
184
184
184
184
184
182
184
184
184
184
184
184
184
184
184
184
184
184
184
184
184
178
182
-200
184
184
184
184
184
184
184
184
184
184
184
184
184
184
184
184
184
184
184
184
184
184
184
184
184
184
184
184
184
184
184
184
184
184
184
184
183
184
184
184
184
184
184
184
184
183
184
184
184
184
184
182
184
184
184
184
184
183
184
184
-200
184
183
184
184
184
184
184
184
184
184
184
184
182
184
184
183
184
184
184
184
184
184
184
184
184
184
184
184
184
184
184
184
184
184
184
184
184
184
183
184
184
184
184
184
184
184
184
184
184
184
184
184
184
184
182
184
184
184
184
184
184
182
180
184
184
184
184
184
184
184
184
184
184
184
184
184
184
184
184
184
184
184
184
184
184
184
184
184
184
184
182
184
184
183
184
184
184
184
184
184
184
184
184
184
184
184
184
184
184
184
184
184
184
184
184
184
184
184
184
184
184
182
184
184
184
184
184
184
184
184
184
184
184
184
184
184
184
184
184
183
184
182
184
184
184
184
184
184
184
184
184
184
184
-200
184
184
184
184
182
184
184
183
184
184
-200
184
184
184
184
184
184
184
184
184
184
184
184
184
184
184
184
184
184
184
184
184
184
184
184
184
184
184
184
184
184
184
184
184
184
184
184
184
184
184
184
184
184
177
184
184
184
184
184
184
183
184
184
184
184
184
184
184
184
184
184
184
184
184
184
184
184
183
184
183
184
182
184
184
184
184
184
183
184
184
184
184
184
184
183
184
184
184
184
184
184
184
184
184
184
184
184
184
184
184
184
183
183
184
184
184
184
182
184
184
184
184
184
184
184
184
184
184
184
184
184
184
184
184
184
184
183
184
184
184
184
184
184
184
184
184
184
184
184
184
184
184
184
184
184
186
184
184
184
184
184
184
184
184
184
184
184
184
184
184
182
184
-200
184
184
186
184
184
184
183
184
184
184
184
184
184
184
184
185
186
186
186
186
186
184
186
184
184
186
186
184
186
186
186
186
186
186
186
184
186
186
185
184
186
186
186
186
186
186
186
185
186
185
185
186
184
186
186
186
186
186
186
186
186
186
186
186
186
186
186
186
186
186
186
186
186
186
186
186
186
186
185
186
186
184
186
186
186
185
184
186
186
186
186
186
186
186
186
185
186
186
186
184
186
186
186
186
186
186
186
186
186
186
186
183
186
186
185
186
186
186
186
186
186
186
186
186
186
186
186
186
186
186
186
186
186
186
186
186
186
185
186
186
186
186
186
186
186
184
186
186
186
186
186
186
182
186
186
186
186
186
186
186
186
186
186
186
186
186
186
186
186
186
186
186
184
186
186
186
186
186
186
186
186
186
186
186
186
186
186
186
182
186
186
186
186
186
186
186
186
186
186
186
186
186
186
186
186
186
186
186
186
186
186
186
186
186
186
186
185
186
186
186
186
185
186
186
186
186
186
186
186
186
186
186
186
186
186
186
186
186
186
186
186
186
185
186
186
186
186
186
186
186
186
186
186
186
186
184
186
186
186
186
186
186
186
185
186
186
186
186
186
186
186
186
186
186
184
186
186
186
186
185
185
186
186
184
186
186
186
186
186
186
184
186
186
186
186
186
185
186
186
186
186
186
186
186
186
186
186
186
186
186
185
186
186
186
186
186
186
185
186
186
186
186
186
186
186
186
186
186
186
186
186
185
186
186
186
186
186
186
186
186
186
186
186
186
186
186
186
186
186
184
186
186
186
185
186
186
186
186
186
186
186
186
186
186
185
186
186
186
186
186
185
186
186
186
186
186
186
186
186
186
186
186
186
186
186
186
186
186
186
186
186
186
180
186
186
186
186
186
186
186
186
186
186
186
186
183
185
186
186
186
186
186
186
186
186
186
186
186
186
186
186
186
186
186
186
186
184
186
186
186
186
186
186
186
186
186
186
184
186
186
186
186
186
185
186
186
186
186
186
186
184
186
185
186
186
186
186
186
186
186
186
186
186
186
186
186
186
186
186
186
186
186
186
184
185
186
186
186
186
186
186
186
186
186
184
186
186
184
186
186
186
186
184
186
186
186
186
186
186
186
186
186
186
186
186
185
186
186
186
186
186
186
186
186
186
186
186
186
186
186
186
186
186
186
186
186
186
186
186
186
186
186
186
186
186
186
186
186
186
186
186
186
186
186
186
186
186
186
186
186
179
186
186
186
186
184
186
186
186
182
186
185
186
186
186
186
186
186
186
186
186
186
185
186
186
186
185
182
186
186
186
186
186
186
186
186
185
186
185
186
186
186
186
186
186
186
184
185
186
186
186
184
186
186
186
186
186
186
186
186
186
186
186
186
186
186
186
186
186
186
186
185
185
186
186
186
186
186
186
186
186
186
186
186
186
186
186
186
186
186
186
186
186
186
186
186
186
186
186
186
186
186
186
186
186
186
186
186
186
186
186
186
185
186
182
186
186
186
186
184
186
186
186
186
186
186
185
186
186
186
185
186
186
186
186
186
186
186
185
186
186
186
185
186
186
186
186
186
186
186
182
186
186
186
186
186
186
186
186
186
186
186
186
186
186
186
186
185
186
186
186
184
186
185
184
186
186
186
186
186
186
184
186
186
186
186
186
186
186
186
186
186
186
186
186
186
184
186
186
186
186
186
186
186
186
186
186
186
186
186
186
186
186
186
186
186
186
186
186
183
185
184
184
186
185
186
186
186
186
186
186
186
186
186
186
186
186
186
186
186
186
184
185
186
186
186
186
186
185
186
186
186
186
186
186
186
186
186
184
186
186
186
186
186
186
185
186
186
186
186
186
186
186
186
186
186
186
186
186
186
186
186
186
186
182
186
186
186
186
186
186
186
185
186
186
186
186
186
186
186
186
186
186
186
186
186
186
186
186
186
185
186
186
186
184
186
186
186
186
186
186
186
186
186
186
186
186
186
186
186
186
185
186
186
186
186
186
186
186
186
186
186
186
186
186
186
186
186
186
186
186
186
186
186
186
186
186
186
186
186
186
184
186
186
186
186
186
186
186
186
186
186
186
186
186
186
186
186
186
186
185
186
186
186
186
-200
186
186
-200
186
186
186
186
186
184
186
186
186
186
186
186
186
186
186
186
186
186
186
186
186
186
186
186
186
186
186
186
186
186
186
186
186
185
186
186
184
186
186
186
186
186
186
186
186
186
186
186
186
186
186
186
186
186
186
185
184
186
185
186
186
186
185
186
186
186
186
186
186
186
186
186
186
186
186
186
186
186
186
186
186
186
186
186
186
186
186
186
186
186
186
186
186
186
185
186
185
186
186
186
186
186
182
186
186
186
186
185
186
186
186
186
186
186
186
186
186
186
186
186
186
186
186
186
186
186
186
184
186
186
186
185
186
186
186
186
186
185
186
186
186
186
186
184
186
186
185
186
186
186
186
186
186
186
186
186
186
186
186
186
186
186
186
186
186
159
185
186
186
185
185
186
186
186
186
185
186
186
186
185
186
186
184
186
186
186
186
186
186
186
186
186
186
186
186
186
186
186
186
186
186
186
186
186
186
186
186
186
186
182
186
186
186
184
186
186
186
186
185
184
185
186
186
186
186
186
186
155
186
186
186
184
184
186
186
186
186
186
186
185
185
186
186
186
186
186
186
184
186
186
186
184
182
186
186
186
186
185
186
186
186
186
186
186
186
184
186
186
186
186
186
185
186
186
186
186
186
185
186
186
186
186
186
186
186
186
186
186
186
186
186
186
186
186
186
186
185
186
186
186
186
186
186
184
186
186
186
186
185
186
186
186
184
185
186
184
186
186
186
185
186
186
186
186
186
185
186
186
186
186
183
186
186
186
186
186
186
186
186
186
186
186
186
186
186
186
186
185
186
186
186
186
186
186
186
186
186
184
186
186
186
186
186
186
186
186
186
186
186
186
186
186
186
185
186
186
186
186
186
186
185
186
186
186
186
186
186
186
186
186
186
186
186
186
186
186
185
186
186
186
186
186
186
186
186
186
186
186
186
186
180
186
186
186
186
186
184
186
186
186
186
186
186
186
186
186
186
186
186
186
186
186
185
185
186
186
186
186
186
186
186
186
186
186
186
186
186
186
186
186
186
186
186
186
186
186
186
186
186
186
186
186
186
186
185
186
186
185
186
186
186
186
186
186
186
186
184
185
186
186
186
186
186
185
186
185
186
186
186
186
186
186
186
186
186
186
186
186
186
186
186
186
186
186
186
186
186
184
186
184
186
186
186
186
186
185
186
186
186
186
186
186
186
185
186
186
186
185
186
186
186
186
184
186
186
186
186
186
186
186
186
186
186
186
186
186
186
186
185
186
186
186
186
186
186
186
186
186
186
186
186
186
186
186
185
186
186
186
186
186
186
186
186
186
186
186
186
186
186
186
184
186
184
186
186
186
186
186
186
186
186
186
184
186
186
186
186
186
186
186
186
185
186
186
186
186
186
186
186
185
185
186
186
186
186
186
185
186
186
186
186
186
186
186
186
186
186
186
185
186
186
186
186
186
186
186
186
186
186
186
186
186
186
184
186
186
186
186
186
186
186
185
186
186
186
186
186
186
186
186
186
185
186
186
186
186
186
186
186
186
185
186
186
186
185
186
186
186
186
186
186
186
186
186
186
186
186
186
186
186
186
186
186
184
186
186
186
186
186
186
186
186
186
186
186
186
186
186
186
186
186
186
186
185
186
186
186
186
185
186
186
186
185
186
186
185
186
186
186
186
186
186
186
186
186
184
184
186
186
186
186
185
186
186
186
186
186
186
186
186
186
185
186
186
186
184
186
186
185
180
186
186
186
186
186
184
186
186
186
186
186
186
186
186
184
186
186
186
186
186
182
186
186
186
186
185
186
186
186
186
186
186
186
186
186
186
186
186
186
186
186
185
186
186
186
184
186
186
186
186
186
186
186
186
186
186
186
186
186
186
186
186
186
186
184
186
186
186
186
186
186
186
186
186
186
186
186
186
186
186
186
186
186
186
186
186
186
186
185
186
186
186
186
186
186
186
186
186
186
186
186
186
186
186
186
186
186
186
186
186
185
186
186
186
186
186
185
186
185
186
186
186
186
186
186
186
186
186
186
186
186
186
186
186
186
186
186
186
186
186
186
182
186
186
186
186
186
186
186
186
186
186
186
186
186
186
186
186
186
186
186
186
186
186
186
186
186
186
184
186
186
186
186
186
186
186
186
184
180
186
186
186
186
186
186
186
186
186
184
186
186
186
186
185
186
186
184
184
186
186
186
186
186
186
186
186
186
186
186
183
186
186
186
186
186
186
184
186
186
186
186
186
186
186
186
186
186
186
184
185
185
186
186
186
186
186
186
186
185
186
186
186
186
186
186
186
186
186
183
186
184
186
186
186
186
186
186
186
186
186
186
186
186
186
186
186
186
186
186
186
186
186
186
186
186
186
186
186
184
186
186
186
186
184
186
186
186
186
186
186
186
186
186
186
186
186
186
186
186
186
186
186
186
186
186
186
186
186
186
186
186
186
186
186
186
186
186
186
186
186
186
186
186
186
186
186
185
186
186
186
186
186
186
185
186
186
186
186
186
186
186
186
186
186
186
186
186
186
186
186
186
186
186
186
186
186
186
186
186
186
186
186
186
184
186
186
186
186
186
186
186
186
186
186
186
186
186
186
186
186
184
186
184
186
186
186
186
186
186
186
186
186
186
186
186
186
185
186
186
186
186
186
186
186
186
186
186
182
186
186
186
186
186
186
186
186
186
186
186
186
184
186
186
186
186
186
186
186
186
186
185
186
186
186
184
186
186
186
186
186
186
186
186
186
186
186
186
186
186
184
186
186
186
186
186
186
186
185
186
186
186
186
186
186
186
186
184
185
186
186
186
186
186
186
186
186
185
186
186
186
186
186
186
186
186
186
185
186
186
184
186
186
186
186
186
186
186
186
186
186
184
186
186
186
186
186
186
186
186
186
186
186
186
186
186
186
186
186
186
186
186
186
184
186
186
186
186
184
186
186
186
186
186
186
186
186
186
186
186
186
186
185
186
186
186
186
186
186
186
186
186
186
186
186
186
184
186
186
186
186
186
186
186
186
186
186
186
185
186
186
186
186
186
186
186
186
186
184
186
186
186
185
186
186
186
186
184
186
186
186
186
186
186
186
186
185
186
186
186
186
186
186
186
186
186
186
186
186
186
186
186
186
186
186
186
186
186
186
186
186
186
185
186
186
186
186
185
186
186
186
186
186
186
186
186
186
186
186
186
186
184
186
186
186
186
186
186
186
186
185
186
186
186
186
186
186
186
186
186
186
186
186
186
186
186
186
186
186
186
186
186
186
186
186
186
186
186
186
186
186
186
184
186
186
186
186
186
186
186
186
186
186
186
186
186
186
186
186
186
184
185
186
186
186
184
186
186
184
186
186
185
186
186
186
186
182
186
186
186
186
186
186
186
186
186
186
186
186
186
186
186
186
186
186
186
186
186
186
186
186
186
186
186
186
186
186
186
186
186
184
185
186
186
186
186
186
186
184
184
184
186
186
186
186
185
186
186
186
186
186
186
186
186
186
186
186
186
186
186
186
183
186
186
186
186
186
186
186
185
186
186
185
186
186
186
186
186
186
186
186
186
186
186
184
186
186
186
186
186
186
186
186
186
186
186
186
186
186
184
186
186
186
186
186
186
186
186
186
186
186
186
185
186
186
184
186
186
186
186
186
186
186
186
186
186
186
186
186
186
186
186
186
186
186
185
186
186
186
185
186
186
186
186
185
186
186
186
186
186
186
186
186
185
186
186
185
186
186
186
186
186
186
186
186
186
186
186
186
186
184
186
186
183
186
186
184
186
185
186
186
186
186
186
186
186
186
186
186
186
186
186
186
186
185
186
186
186
186
186
186
186
184
185
186
186
186
186
186
186
186
186
186
185
186
186
184
185
186
186
186
186
186
186
186
186
186
186
186
186
186
186
186
186
186
186
186
186
186
186
186
186
186
186
186
186
186
186
186
185
186
186
185
186
186
186
186
186
186
186
186
185
186
186
186
186
186
186
186
186
184
186
186
186
186
186
186
186
186
186
186
186
186
186
186
186
186
186
186
186
186
186
186
185
186
186
186
186
186
186
186
186
185
186
186
186
186
186
186
186
186
186
186
186
186
186
186
186
186
186
186
186
186
186
186
186
186
186
185
186
186
186
186
186
186
184
186
186
184
184
186
186
186
186
186
186
186
186
186
186
186
186
186
186
186
186
186
186
185
186
186
186
186
186
186
186
184
186
186
186
186
185
186
186
186
186
186
