200
200
200
200
200
200
200
200
200
200
200
200
200
200
200
200
200
200
200
200
200
200
200
200
200
200
200
200
200
200
200
200
200
200
200
200
200
200
200
200
200
200
200
200
200
200
200
200
141
200
200
200
200
200
200
200
200
200
200
200
200
200
200
200
200
200
200
200
200
200
200
200
200
200
200
200
200
200
200
66
200
200
151
200
200
200
200
200
200
200
200
200
200
200
200
200
200
99
200
153
185
200
200
200
200
200
171
200
200
200
200
200
129
200
124
179
188
200
200
200
142
200
93
185
200
65
200
200
200
200
113
166
33
200
200
199
200
168
68
65
107
200
158
80
60
139
89
71
200
165
66
200
180
46
63
200
200
200
73
80
75
75
64
70
88
200
125
37
161
200
200
200
200
80
200
70
101
200
186
200
38
200
129
200
179
122
110
200
60
21
200
99
200
53
140
200
22
33
200
111
101
200
37
75
105
26
34
200
61
30
124
61
110
50
26
100
108
41
200
126
25
69
40
109
141
44
23
188
84
64
135
49
99
51
46
96
62
141
113
142
58
27
25
175
29
200
49
40
54
93
111
123
55
95
157
121
40
49
66
151
61
30
50
82
60
116
28
33
37
22
63
39
172
23
43
57
18
115
20
62
43
35
85
53
53
28
33
82
39
73
27
14
22
25
82
60
89
104
38
61
200
32
77
23
34
22
59
23
25
29
44
18
25
23
20
20
29
27
27
39
34
43
44
29
94
39
39
38
40
35
14
48
200
21
20
16
23
21
24
59
24
30
47
27
57
23
21
88
24
119
22
26
14
21
19
30
35
23
27
32
200
23
49
14
31
30
60
22
29
19
26
51
128
23
23
35
41
29
21
26
20
22
14
15
24
42
25
28
38
33
16
31
23
19
26
27
23
20
35
37
37
26
36
63
18
32
25
23
42
38
20
24
15
34
13
28
39
43
37
22
19
55
24
21
21
25
31
44
14
24
30
17
57
37
40
33
17
27
51
14
19
22
25
37
21
29
16
55
50
26
17
19
26
21
30
26
21
26
29
17
23
62
14
48
47
23
38
28
25
28
48
200
200
60
42
26
32
19
200
47
51
37
47
89
123
49
39
21
66
55
16
50
26
51
200
15
78
35
28
42
200
200
200
200
200
32
31
129
20
16
200
67
200
48
24
27
58
76
84
37
46
51
18
62
55
26
52
31
17
40
27
26
37
200
200
200
200
200
200
200
200
169
200
40
200
200
200
193
200
178
60
23
17
13
13
25
28
15
45
30
28
14
15
24
24
19
21
20
18
13
20
15
19
13
21
16
44
67
17
14
75
24
23
25
19
15
19
29
13
15
21
26
27
13
27
30
17
15
42
66
30
16
37
42
28
30
22
13
14
13
27
13
13
25
13
29
27
33
13
15
19
13
13
15
23
13
14
15
20
15
13
13
35
27
14
29
14
30
34
17
13
15
15
13
17
19
30
28
25
15
13
13
19
15
20
14
19
13
18
21
13
14
20
13
15
22
27
21
71
15
13
17
38
16
23
15
24
13
13
15
13
13
20
17
13
13
35
28
13
19
18
15
22
25
23
13
13
13
16
18
25
13
13
13
13
15
18
13
13
14
15
19
15
13
21
23
13
17
14
23
14
15
13
19
13
13
16
13
15
16
18
25
13
51
21
19
13
18
13
17
13
45
30
15
13
17
18
13
16
13
13
13
17
21
25
25
13
32
25
21
16
13
13
14
14
13
13
13
13
13
13
13
13
13
13
26
13
15
13
21
18
13
17
13
13
14
21
13
13
14
13
14
13
13
13
13
14
13
13
13
13
13
13
13
17
13
14
14
27
50
13
71
71
16
13
15
87
13
17
15
18
14
14
13
15
13
13
13
13
25
13
15
13
13
13
13
17
13
22
13
13
13
13
19
13
14
20
15
15
13
13
13
13
16
13
13
15
13
13
15
13
13
13
13
17
22
35
13
13
13
13
18
17
17
13
13
14
21
17
17
13
13
13
13
25
15
21
23
13
14
13
13
13
13
13
13
13
16
13
15
13
22
23
13
13
13
13
13
13
13
17
13
16
17
13
14
17
17
18
16
13
13
13
13
13
13
21
19
13
13
26
13
13
13
13
13
13
15
13
13
13
13
14
13
25
24
13
14
13
17
13
29
13
15
13
13
13
17
13
23
13
20
13
15
16
13
13
13
14
13
15
15
16
13
13
26
13
16
13
17
15
17
13
13
13
13
13
19
13
13
15
17
23
13
25
17
24
26
13
18
21
13
19
13
17
13
13
13
23
13
13
17
13
13
17
13
13
13
18
13
17
13
19
13
20
13
13
17
17
13
13
17
17
17
17
13
13
17
13
13
17
13
13
13
13
13
13
17
13
17
13
17
13
13
17
13
17
13
17
15
17
16
13
17
17
17
17
13
21
16
17
17
13
13
32
14
105
23
13
13
13
44
24
15
49
13
14
13
19
155
45
17
17
13
13
13
13
13
13
14
13
14
18
13
13
13
14
13
15
13
13
13
13
13
13
13
13
13
13
13
14
17
13
13
13
13
17
13
13
13
13
13
13
13
13
13
13
13
13
13
13
13
13
13
13
13
14
73
13
13
17
13
13
18
17
13
13
13
17
13
13
17
13
13
13
13
13
13
13
13
13
13
13
13
13
13
13
13
13
13
17
17
17
13
13
18
13
17
13
13
13
13
13
13
13
17
17
17
13
17
13
13
13
13
17
15
13
13
13
13
13
13
13
13
13
13
13
13
13
17
13
13
13
13
13
13
13
13
13
13
13
13
13
13
13
13
13
13
13
13
13
17
13
13
13
13
13
13
13
13
13
13
13
13
13
13
17
13
17
13
17
13
17
13
13
13
13
17
13
13
13
13
13
13
13
13
13
13
17
13
13
13
13
13
15
13
13
13
17
13
13
13
13
14
13
13
13
13
14
13
15
13
13
13
13
14
13
13
13
13
13
13
13
13
13
13
14
13
13
13
13
13
13
13
13
13
13
14
14
13
13
13
13
13
13
13
13
13
13
13
13
24
13
13
15
15
13
13
13
17
13
13
13
13
13
13
13
13
13
13
13
23
13
13
13
13
13
13
15
13
13
13
13
15
13
13
13
13
14
13
13
13
30
13
13
13
13
13
15
13
13
13
13
13
13
13
13
24
13
13
13
13
13
13
13
17
13
13
13
13
13
13
13
54
54
13
164
13
13
13
13
13
13
54
13
15
13
13
13
13
14
13
13
14
13
13
13
13
13
13
13
76
14
190
13
38
13
200
42
73
13
17
30
144
13
13
13
13
13
35
13
13
13
13
17
200
116
23
13
23
15
13
27
35
13
18
13
13
13
16
13
13
48
13
13
13
13
13
13
13
13
13
13
13
13
13
13
13
13
13
13
13
14
14
13
13
13
13
15
13
13
13
13
13
13
14
13
13
13
13
13
13
13
13
13
13
13
13
13
13
13
13
13
13
13
13
13
13
13
13
13
13
13
13
13
13
13
13
13
13
13
13
13
13
13
13
13
13
13
13
14
13
13
13
13
13
19
13
13
13
13
13
13
13
13
13
13
13
13
13
13
13
13
13
13
14
13
13
13
13
13
13
13
13
13
13
13
13
13
13
14
13
13
13
13
13
13
13
13
13
14
13
13
13
13
13
13
13
13
14
13
13
13
13
15
13
13
13
14
13
13
13
13
13
13
13
13
13
13
13
13
13
13
13
13
13
13
14
13
13
13
13
13
15
13
13
13
13
13
13
13
13
13
13
13
13
13
13
13
13
13
13
16
13
13
17
13
13
16
13
13
13
13
13
13
14
17
13
13
13
13
13
13
13
13
14
13
13
13
14
14
13
13
13
13
13
13
13
13
13
13
13
29
13
13
13
13
13
13
13
15
14
13
13
13
13
13
13
13
15
13
13
13
13
15
14
13
13
20
13
31
13
24
200
13
200
200
200
73
46
13
13
23
13
25
13
13
13
13
13
13
13
13
13
13
13
13
13
13
13
13
13
13
13
13
13
13
13
13
15
13
13
13
13
13
13
13
13
13
14
13
13
13
17
13
13
14
13
13
13
13
13
13
13
13
13
13
13
13
13
13
13
13
13
14
13
13
15
13
13
13
13
13
13
14
13
13
13
13
13
13
13
13
13
14
13
13
13
16
13
13
13
15
14
13
13
13
13
13
13
13
13
13
19
13
13
13
14
13
13
13
13
13
13
13
13
13
13
13
13
13
13
13
15
13
13
13
13
13
15
13
13
13
15
13
13
13
13
13
13
13
13
13
13
13
13
13
13
13
13
13
13
13
13
13
13
13
13
13
13
13
13
13
13
13
14
13
13
13
13
13
13
13
13
14
13
13
13
13
13
13
14
13
13
13
13
13
13
13
13
13
13
13
13
14
13
13
13
13
13
13
13
13
13
13
13
13
13
13
13
13
13
13
13
13
13
13
13
13
13
13
13
13
13
13
13
13
13
13
13
13
14
13
13
13
13
17
13
13
13
13
14
13
13
13
13
13
13
13
13
13
13
13
13
13
13
13
13
13
13
13
13
13
13
13
13
13
13
13
13
13
13
13
13
13
13
13
13
13
13
13
13
19
13
13
13
13
13
13
13
13
13
13
13
13
13
13
13
13
13
13
13
13
13
13
14
13
13
13
13
13
14
13
13
14
13
13
13
13
13
13
13
13
13
13
13
13
13
13
13
14
13
13
13
13
13
13
13
13
19
13
13
13
14
13
13
13
13
13
13
14
13
13
13
15
13
13
13
15
13
13
13
13
13
13
13
13
13
13
13
13
13
14
14
13
13
13
13
13
13
13
13
13
13
13
13
13
13
13
15
13
13
13
13
13
13
13
13
13
14
13
13
13
13
13
13
13
13
13
13
13
13
13
13
13
13
13
13
13
13
13
13
13
13
13
13
13
13
13
13
13
13
13
13
13
13
13
13
13
15
13
13
13
13
13
13
14
13
13
13
14
13
13
13
13
13
13
13
13
13
13
13
13
13
13
13
13
14
13
13
13
13
13
13
13
13
13
13
13
13
13
13
13
14
13
13
13
13
13
13
13
13
13
13
13
13
13
13
13
13
13
13
13
14
13
14
13
13
13
13
13
13
13
13
13
13
13
13
13
13
13
14
13
13
13
13
13
13
13
13
13
13
13
13
13
13
13
13
13
13
13
13
13
13
13
13
14
13
13
13
13
13
13
13
13
13
13
13
13
13
13
13
13
13
13
13
13
13
13
13
14
13
13
13
13
17
13
13
13
13
13
13
13
13
13
13
18
13
13
13
13
14
13
13
13
13
13
13
14
13
13
13
13
13
13
13
13
13
14
13
13
13
13
13
13
13
15
13
13
13
13
15
13
13
14
13
17
13
13
13
13
13
13
13
13
14
13
13
13
13
13
13
13
13
15
13
13
13
13
13
13
13
13
13
13
13
13
14
13
13
13
14
13
13
13
13
13
13
13
13
14
13
13
13
13
14
13
13
13
13
13
13
13
13
13
13
13
13
13
13
13
13
13
13
13
13
13
13
13
13
13
13
13
13
13
14
14
13
14
13
15
15
13
13
13
14
13
13
13
13
13
13
13
13
13
13
14
13
13
13
13
14
13
13
13
13
13
13
13
13
13
15
13
13
13
13
13
13
13
14
13
13
13
13
14
13
13
13
13
13
13
13
13
13
13
13
13
13
13
13
13
13
13
13
14
13
13
13
13
13
13
13
13
13
13
13
13
14
13
13
13
13
13
13
13
13
13
13
13
13
13
13
13
13
13
13
13
13
13
13
13
13
13
13
13
13
13
15
13
13
13
13
14
13
15
13
13
13
13
13
13
13
13
13
13
15
13
13
13
15
13
13
13
13
13
13
13
15
13
13
16
14
13
13
13
13
13
13
13
15
13
13
13
13
13
13
13
13
13
13
13
13
14
13
13
13
14
13
13
13
13
14
13
13
13
13
13
13
13
13
13
13
13
13
13
14
13
13
13
14
13
13
13
14
13
13
13
13
13
13
14
13
13
13
13
14
13
13
13
13
13
13
13
13
13
13
13
13
13
13
13
13
13
13
13
13
13
13
13
13
13
13
13
13
13
13
13
15
13
13
13
13
13
13
13
13
13
13
13
13
13
15
13
14
15
13
13
13
14
13
13
13
13
13
13
13
15
13
13
17
13
13
13
13
13
13
13
13
14
13
13
13
14
13
13
13
13
13
14
13
13
13
13
13
13
13
13
13
13
13
13
13
13
13
13
13
13
13
13
13
13
13
13
13
13
13
13
15
13
13
13
13
14
13
13
13
14
13
13
13
13
13
13
13
13
13
13
13
13
13
13
13
13
13
14
13
14
13
13
13
13
13
13
13
13
13
13
13
13
13
13
13
15
14
13
13
13
13
13
13
13
13
13
13
14
13
13
15
13
13
13
15
13
14
13
14
13
13
13
13
13
13
13
13
13
13
13
13
13
13
13
13
13
13
13
13
13
13
13
13
14
13
13
13
14
13
13
13
13
13
13
13
13
13
13
13
13
13
13
13
13
13
13
13
13
17
13
15
14
13
13
13
13
13
13
13
13
13
13
13
13
13
13
13
13
13
13
13
13
13
13
13
13
13
13
13
13
13
13
13
14
13
17
13
13
13
15
19
13
13
13
13
13
13
13
14
13
13
13
13
13
13
13
13
13
14
13
13
13
13
13
13
13
13
13
13
15
13
13
13
13
13
13
14
13
13
13
13
13
13
13
13
13
13
14
13
13
13
13
13
13
13
13
13
13
13
13
13
13
13
13
13
15
13
13
14
13
13
13
13
13
13
13
13
13
13
13
13
13
13
13
13
14
13
13
13
13
13
13
13
13
13
13
13
13
13
13
13
13
13
13
13
13
13
15
13
13
17
13
13
13
13
13
13
13
13
13
13
13
13
13
13
13
13
13
13
13
13
13
14
13
13
13
13
13
13
13
13
13
13
14
13
13
13
13
13
13
13
13
13
13
13
13
13
14
19
13
13
13
15
13
13
13
13
13
13
13
13
13
13
13
13
13
13
14
14
13
13
13
13
13
13
13
13
13
13
13
13
13
13
13
13
13
13
13
13
13
13
13
13
13
13
13
13
13
13
13
13
13
13
13
13
13
13
13
13
13
13
13
13
15
13
13
13
13
13
13
13
13
13
13
14
13
13
13
13
14
14
13
13
13
13
13
13
13
13
13
13
13
13
13
13
13
13
13
13
13
13
13
13
13
13
13
13
13
13
13
13
13
15
13
14
13
13
13
13
13
13
13
13
13
13
13
13
13
13
13
13
13
13
13
13
13
14
13
13
13
13
13
13
13
13
13
13
13
13
13
13
13
13
15
13
13
13
13
13
13
13
13
13
13
13
13
13
13
13
13
13
13
14
13
13
13
13
13
13
13
13
13
13
13
13
13
13
13
13
13
13
13
13
14
13
13
13
13
13
13
13
13
13
13
13
13
13
13
14
13
13
13
13
13
13
13
13
13
13
13
13
14
13
13
13
13
13
13
15
15
13
13
13
13
13
13
13
16
13
13
13
14
13
13
13
13
13
13
13
13
13
13
13
13
13
13
13
15
13
13
13
13
13
13
13
13
13
13
13
13
13
13
13
13
14
13
15
13
13
13
13
13
13
13
13
13
13
13
13
13
13
13
13
13
13
13
13
13
13
15
13
13
13
13
13
13
13
13
13
13
13
13
13
13
13
13
13
13
13
13
13
13
13
13
14
13
13
13
13
13
13
13
13
13
13
13
13
13
13
13
13
13
13
13
13
13
13
13
13
13
13
13
13
13
13
13
13
13
13
13
13
13
15
13
13
13
13
13
13
13
13
13
13
13
13
13
13
13
13
13
13
14
13
13
13
13
13
13
14
13
13
15
14
14
13
13
13
13
13
13
17
13
13
13
14
13
13
13
13
13
14
13
13
13
13
13
13
13
13
13
15
13
13
13
13
13
13
15
13
13
16
13
13
15
14
13
13
13
15
13
13
13
13
14
15
13
13
13
