-200
-200
-200
-200
-200
-200
-200
-200
-200
-200
-200
-200
-200
-200
-200
-200
-200
-200
-200
-200
-200
-200
-200
-200
-200
-200
-200
-200
-200
-200
-200
-200
-200
-200
-200
-200
-200
-200
-200
-200
-200
-200
-200
-200
-200
-200
-200
-200
-41
-200
-200
-200
-200
-200
-200
-200
-200
-200
-200
-200
-200
-200
-200
-200
-200
-200
-200
-200
-200
-200
-200
-200
-200
-200
-200
-200
-200
-200
-200
34
-200
-200
-51
-200
-200
-200
-200
-200
-200
-200
-200
-200
-200
-200
-200
-200
-200
1
-200
-53
-85
-200
-200
-200
-200
-200
-71
-200
-200
-200
-200
-200
-29
-200
-24
-79
-88
-200
-200
-200
-42
-200
7
-85
-200
35
-200
-200
-200
-200
-13
-66
67
-200
-200
-99
-200
-68
32
35
-7
-200
-58
20
40
-39
11
29
-200
-65
34
-200
-80
54
37
-200
-200
-200
27
20
25
25
36
30
12
-200
-25
63
-61
-200
-200
-200
-200
20
-200
30
-1
-200
-86
-200
62
-200
-29
-200
-79
-22
-10
-200
40
79
-200
1
-200
47
-40
-200
78
67
-200
-11
-1
-200
63
25
-5
74
66
-200
39
70
-24
39
-10
50
74
0
-8
59
-200
-26
75
31
60
-9
-41
56
77
-88
16
36
-35
51
1
49
54
4
38
-41
-13
-42
42
73
75
-75
71
-200
51
60
46
7
-11
-23
45
5
-57
-21
60
51
34
-51
39
70
50
18
40
-16
72
67
63
78
37
61
-72
77
57
43
82
-15
80
38
57
65
15
47
47
72
67
18
61
27
73
86
78
75
18
40
11
-4
62
39
-200
68
23
77
66
78
41
77
75
71
56
82
75
77
80
80
71
73
73
61
66
57
56
71
6
61
61
62
60
65
86
52
-200
79
80
84
77
79
76
41
76
70
53
73
43
77
79
12
76
-19
78
74
86
79
81
70
65
77
73
68
-200
77
51
86
69
70
40
78
71
81
74
49
-28
77
77
65
59
71
79
74
80
78
86
85
76
58
75
72
62
67
84
69
77
81
74
73
77
80
65
63
63
74
64
37
82
68
75
77
58
62
80
76
85
66
87
72
61
57
63
78
81
45
76
79
79
75
69
56
86
76
70
83
43
63
60
67
83
73
49
86
81
78
75
63
79
71
84
45
50
74
83
81
74
79
70
74
79
74
71
83
77
38
86
52
53
77
62
72
75
72
52
-200
-200
40
58
74
68
81
-200
53
49
63
53
11
-23
51
61
79
34
45
84
50
74
49
-200
85
22
65
72
58
-200
-200
-200
-200
-200
68
69
-29
80
84
-100
33
-200
52
76
73
42
24
16
63
54
49
82
38
45
74
48
69
83
60
73
74
63
-200
-200
-200
-200
-200
-200
-200
-200
-69
-200
60
-200
-200
-200
-93
-200
-78
40
77
83
87
87
75
72
85
55
70
72
86
85
76
76
81
79
80
82
87
80
85
81
87
79
84
56
33
83
86
25
76
77
75
81
85
81
71
87
85
79
74
73
87
73
70
83
85
58
34
70
84
63
58
72
70
78
87
86
87
73
87
87
75
87
71
73
67
87
85
81
87
87
85
77
87
86
85
80
85
87
87
65
73
86
71
86
70
66
83
87
85
85
87
83
81
70
72
75
85
87
87
81
85
80
86
81
87
82
79
87
86
80
87
85
78
73
79
29
85
87
83
62
84
77
85
76
87
87
85
87
87
80
83
87
87
65
72
87
81
82
85
78
75
77
87
87
87
84
82
75
87
87
87
87
85
82
87
87
86
85
81
85
87
79
77
87
83
86
77
86
85
87
81
87
87
84
87
85
84
82
75
87
49
79
81
87
82
87
83
87
55
70
85
87
83
82
87
84
87
87
87
83
79
75
75
87
68
75
79
84
87
87
86
86
87
87
87
87
87
87
87
87
87
87
74
87
85
87
79
82
87
83
87
87
86
79
87
87
86
87
86
87
87
87
87
86
87
87
87
87
87
87
87
83
87
86
86
73
50
87
29
29
84
87
85
13
87
83
85
82
86
86
87
85
87
87
87
87
75
87
85
87
87
87
87
83
87
78
87
87
87
87
81
87
86
80
85
85
87
87
87
87
84
87
87
85
87
87
85
87
87
87
87
83
78
65
87
87
87
87
82
83
83
87
87
86
79
83
83
87
87
87
87
75
85
79
77
87
86
87
87
87
87
87
87
87
84
87
85
87
78
77
87
87
87
87
87
87
87
83
87
84
83
87
86
83
83
82
84
87
87
87
87
87
87
79
81
87
87
74
87
87
87
87
87
87
85
87
87
87
87
86
87
75
76
87
86
87
83
87
71
87
85
87
87
87
83
87
77
87
80
87
85
84
87
87
87
86
87
85
85
84
87
87
74
87
84
87
83
85
83
87
87
87
87
87
81
87
87
85
83
77
87
75
83
76
74
87
82
79
87
81
87
83
87
87
87
77
87
87
83
87
87
83
87
87
87
82
87
83
87
81
87
80
87
87
83
83
87
87
83
83
83
83
87
87
83
87
87
83
87
87
87
87
87
87
83
87
83
87
83
87
87
83
87
83
87
83
85
83
84
87
83
83
83
83
87
79
84
83
83
87
87
68
86
-5
77
87
87
87
56
76
85
51
87
86
87
81
-55
55
83
83
87
87
87
87
87
87
86
87
86
82
87
87
87
86
87
85
87
87
87
87
87
87
87
87
87
87
87
86
83
87
87
87
87
83
87
87
87
87
87
87
87
87
87
87
87
87
87
87
87
87
87
87
87
86
27
87
87
83
87
87
82
83
87
87
87
83
87
87
83
87
87
87
87
87
87
87
87
87
87
87
87
87
87
87
87
87
87
83
83
83
87
87
82
87
83
87
87
87
87
87
87
87
83
83
83
87
83
87
87
87
87
83
85
87
87
87
87
87
87
87
87
87
87
87
87
87
83
87
87
87
87
87
87
87
87
87
87
87
87
87
87
87
87
87
87
87
87
87
83
87
87
87
87
87
87
87
87
87
87
87
87
87
87
83
87
83
87
83
87
83
87
87
87
87
83
87
87
87
87
87
87
87
87
87
87
83
87
87
87
87
87
85
87
87
87
83
87
87
87
87
86
87
87
87
87
86
87
85
87
87
87
87
86
87
87
87
87
87
87
87
87
87
87
86
87
87
87
87
87
87
87
87
87
87
86
86
87
87
87
87
87
87
87
87
87
87
87
87
76
87
87
85
85
87
87
87
83
87
87
87
87
87
87
87
87
87
87
87
77
87
87
87
87
87
87
85
87
87
87
87
85
87
87
87
87
86
87
87
87
70
87
87
87
87
87
85
87
87
87
87
87
87
87
87
76
87
87
87
87
87
87
87
83
87
87
87
87
87
87
87
46
46
87
-64
87
87
87
87
87
87
46
87
85
87
87
87
87
86
87
87
86
87
87
87
87
87
87
87
24
86
-90
87
62
87
-200
58
27
87
83
70
-44
87
87
87
87
87
65
87
87
87
87
83
-200
-16
77
87
77
85
87
73
65
87
82
87
87
87
84
87
87
52
87
87
87
87
87
87
87
87
87
87
87
87
87
87
87
87
87
87
87
86
86
87
87
87
87
85
87
87
87
87
87
87
86
87
87
87
87
87
87
87
87
87
87
87
87
87
87
87
87
87
87
87
87
87
87
87
87
87
87
87
87
87
87
87
87
87
87
87
87
87
87
87
87
87
87
87
87
86
87
87
87
87
87
81
87
87
87
87
87
87
87
87
87
87
87
87
87
87
87
87
87
87
86
87
87
87
87
87
87
87
87
87
87
87
87
87
87
86
87
87
87
87
87
87
87
87
87
86
87
87
87
87
87
87
87
87
86
87
87
87
87
85
87
87
87
86
87
87
87
87
87
87
87
87
87
87
87
87
87
87
87
87
87
87
86
87
87
87
87
87
85
87
87
87
87
87
87
87
87
87
87
87
87
87
87
87
87
87
87
84
87
87
83
87
87
84
87
87
87
87
87
87
86
83
87
87
87
87
87
87
87
87
86
87
87
87
86
86
87
87
87
87
87
87
87
87
87
87
87
71
87
87
87
87
87
87
87
85
86
87
87
87
87
87
87
87
85
87
87
87
87
85
86
87
87
80
87
69
87
76
-200
87
-200
-200
-200
27
54
87
87
77
87
75
87
87
87
87
87
87
87
87
87
87
87
87
87
87
87
87
87
87
87
87
87
87
87
87
85
87
87
87
87
87
87
87
87
87
86
87
87
87
83
87
87
86
87
87
87
87
87
87
87
87
87
87
87
87
87
87
87
87
87
86
87
87
85
87
87
87
87
87
87
86
87
87
87
87
87
87
87
87
87
86
87
87
87
84
87
87
87
85
86
87
87
87
87
87
87
87
87
87
81
87
87
87
86
87
87
87
87
87
87
87
87
87
87
87
87
87
87
87
85
87
87
87
87
87
85
87
87
87
85
87
87
87
87
87
87
87
87
87
87
87
87
87
87
87
87
87
87
87
87
87
87
87
87
87
87
87
87
87
87
87
86
87
87
87
87
87
87
87
87
86
87
87
87
87
87
87
86
87
87
87
87
87
87
87
87
87
87
87
87
86
87
87
87
87
87
87
87
87
87
87
87
87
87
87
87
87
87
87
87
87
87
87
87
87
87
87
87
87
87
87
87
87
87
87
87
87
86
87
87
87
87
83
87
87
87
87
86
87
87
87
87
87
87
87
87
87
87
87
87
87
87
87
87
87
87
87
87
87
87
87
87
87
87
87
87
87
87
87
87
87
87
87
87
87
87
87
87
81
87
87
87
87
87
87
87
87
87
87
87
87
87
87
87
87
87
87
87
87
87
87
86
87
87
87
87
87
86
87
87
86
87
87
87
87
87
87
87
87
87
87
87
87
87
87
87
86
87
87
87
87
87
87
87
87
81
87
87
87
86
87
87
87
87
87
87
86
87
87
87
85
87
87
87
85
87
87
87
87
87
87
87
87
87
87
87
87
87
86
86
87
87
87
87
87
87
87
87
87
87
87
87
87
87
87
85
87
87
87
87
87
87
87
87
87
86
87
87
87
87
87
87
87
87
87
87
87
87
87
87
87
87
87
87
87
87
87
87
87
87
87
87
87
87
87
87
87
87
87
87
87
87
87
87
87
85
87
87
87
87
87
87
86
87
87
87
86
87
87
87
87
87
87
87
87
87
87
87
87
87
87
87
87
86
87
87
87
87
87
87
87
87
87
87
87
87
87
87
87
86
87
87
87
87
87
87
87
87
87
87
87
87
87
87
87
87
87
87
87
86
87
86
87
87
87
87
87
87
87
87
87
87
87
87
87
87
87
86
87
87
87
87
87
87
87
87
87
87
87
87
87
87
87
87
87
87
87
87
87
87
87
87
86
87
87
87
87
87
87
87
87
87
87
87
87
87
87
87
87
87
87
87
87
87
87
87
86
87
87
87
87
83
87
87
87
87
87
87
87
87
87
87
82
87
87
87
87
86
87
87
87
87
87
87
86
87
87
87
87
87
87
87
87
87
86
87
87
87
87
87
87
87
85
87
87
87
87
85
87
87
86
87
83
87
87
87
87
87
87
87
87
86
87
87
87
87
87
87
87
87
85
87
87
87
87
87
87
87
87
87
87
87
87
86
87
87
87
86
87
87
87
87
87
87
87
87
86
87
87
87
87
86
87
87
87
87
87
87
87
87
87
87
87
87
87
87
87
87
87
87
87
87
87
87
87
87
87
87
87
87
87
86
86
87
86
87
85
85
87
87
87
86
87
87
87
87
87
87
87
87
87
87
86
87
87
87
87
86
87
87
87
87
87
87
87
87
87
85
87
87
87
87
87
87
87
86
87
87
87
87
86
87
87
87
87
87
87
87
87
87
87
87
87
87
87
87
87
87
87
87
86
87
87
87
87
87
87
87
87
87
87
87
87
86
87
87
87
87
87
87
87
87
87
87
87
87
87
87
87
87
87
87
87
87
87
87
87
87
87
87
87
87
87
85
87
87
87
87
86
87
85
87
87
87
87
87
87
87
87
87
87
85
87
87
87
85
87
87
87
87
87
87
87
85
87
87
84
86
87
87
87
87
87
87
87
85
87
87
87
87
87
87
87
87
87
87
87
87
86
87
87
87
86
87
87
87
87
86
87
87
87
87
87
87
87
87
87
87
87
87
87
86
87
87
87
86
87
87
87
86
87
87
87
87
87
87
86
87
87
87
87
86
87
87
87
87
87
87
87
87
87
87
87
87
87
87
87
87
87
87
87
87
87
87
87
87
87
87
87
87
87
87
87
85
87
87
87
87
87
87
87
87
87
87
87
87
87
85
87
86
85
87
87
87
86
87
87
87
87
87
87
87
85
87
87
83
87
87
87
87
87
87
87
87
86
87
87
87
86
87
87
87
87
87
86
87
87
87
87
87
87
87
87
87
87
87
87
87
87
87
87
87
87
87
87
87
87
87
87
87
87
87
87
85
87
87
87
87
86
87
87
87
86
87
87
87
87
87
87
87
87
87
87
87
87
87
87
87
87
87
86
87
86
87
87
87
87
87
87
87
87
87
87
87
87
87
87
87
85
86
87
87
87
87
87
87
87
87
87
87
86
87
87
85
87
87
87
85
87
86
87
86
87
87
87
87
87
87
87
87
87
87
87
87
87
87
87
87
87
87
87
87
87
87
87
87
86
87
87
87
86
87
87
87
87
87
87
87
87
87
87
87
87
87
87
87
87
87
87
87
87
83
87
85
86
87
87
87
87
87
87
87
87
87
87
87
87
87
87
87
87
87
87
87
87
87
87
87
87
87
87
87
87
87
87
87
86
87
83
87
87
87
85
81
87
87
87
87
87
87
87
86
87
87
87
87
87
87
87
87
87
86
87
87
87
87
87
87
87
87
87
87
85
87
87
87
87
87
87
86
87
87
87
87
87
87
87
87
87
87
86
87
87
87
87
87
87
87
87
87
87
87
87
87
87
87
87
87
85
87
87
86
87
87
87
87
87
87
87
87
87
87
87
87
87
87
87
87
86
87
87
87
87
87
87
87
87
87
87
87
87
87
87
87
87
87
87
87
87
87
85
87
87
83
87
87
87
87
87
87
87
87
87
87
87
87
87
87
87
87
87
87
87
87
87
86
87
87
87
87
87
87
87
87
87
87
86
87
87
87
87
87
87
87
87
87
87
87
87
87
86
81
87
87
87
85
87
87
87
87
87
87
87
87
87
87
87
87
87
87
86
86
87
87
87
87
87
87
87
87
87
87
87
87
87
87
87
87
87
87
87
87
87
87
87
87
87
87
87
87
87
87
87
87
87
87
87
87
87
87
87
87
87
87
87
87
85
87
87
87
87
87
87
87
87
87
87
86
87
87
87
87
86
86
87
87
87
87
87
87
87
87
87
87
87
87
87
87
87
87
87
87
87
87
87
87
87
87
87
87
87
87
87
87
87
85
87
86
87
87
87
87
87
87
87
87
87
87
87
87
87
87
87
87
87
87
87
87
87
86
87
87
87
87
87
87
87
87
87
87
87
87
87
87
87
87
85
87
87
87
87
87
87
87
87
87
87
87
87
87
87
87
87
87
87
86
87
87
87
87
87
87
87
87
87
87
87
87
87
87
87
87
87
87
87
87
86
87
87
87
87
87
87
87
87
87
87
87
87
87
87
86
87
87
87
87
87
87
87
87
87
87
87
87
86
87
87
87
87
87
87
85
85
87
87
87
87
87
87
87
84
87
87
87
86
87
87
87
87
87
87
87
87
87
87
87
87
87
87
87
85
87
87
87
87
87
87
87
87
87
87
87
87
87
87
87
87
86
87
85
87
87
87
87
87
87
87
87
87
87
87
87
87
87
87
87
87
87
87
87
87
87
85
87
87
87
87
87
87
87
87
87
87
87
87
87
87
87
87
87
87
87
87
87
87
87
87
86
87
87
87
87
87
87
87
87
87
87
87
87
87
87
87
87
87
87
87
87
87
87
87
87
87
87
87
87
87
87
87
87
87
87
87
87
87
85
87
87
87
87
87
87
87
87
87
87
87
87
87
87
87
87
87
87
86
87
87
87
87
87
87
86
87
87
85
86
86
87
87
87
87
87
87
83
87
87
87
86
87
87
87
87
87
86
87
87
87
87
87
87
87
87
87
85
87
87
87
87
87
87
85
87
87
84
87
87
85
86
87
87
87
85
87
87
87
87
86
85
87
87
87
