-243
-93
-10
-239
-263
-232
-144
-247
-128
-31
-243
-20
-14
-238
-234
-239
-281
-142
-72
20
-107
-6
-60
-15
-227
-249
-233
-223
-136
-96
-246
-244
-236
-6
-253
-302
-115
-222
4
-94
-221
-218
-235
-234
-221
-237
-227
-217
-238
-86
-72
-110
-221
-91
-224
-223
-222
50
-89
-234
-220
-117
-220
-218
-227
-210
-127
-219
49
31
-50
-215
-233
77
9
-222
-220
-220
44
-103
-130
-173
-217
-215
55
-62
-219
51
5
-219
62
-214
64
28
36
-34
-67
69
40
-59
-78
-218
-225
57
10
73
39
68
0
-33
26
-89
-130
67
-219
61
58
64
35
-7
-67
17
-96
-1
-17
2
52
-214
-216
54
-214
66
65
43
-9
72
-213
-34
21
78
-20
70
-210
53
-64
-1
34
37
12
61
77
-7
75
-93
73
44
21
80
-32
60
-189
54
33
48
84
11
36
65
52
75
82
79
75
-79
50
23
34
75
63
78
77
84
-12
42
-17
62
56
-20
-214
65
59
38
-7
59
-105
63
37
73
37
49
80
55
73
54
73
48
49
14
78
72
75
84
58
71
49
64
62
80
57
55
83
79
63
80
81
84
78
83
41
82
78
85
81
77
43
84
70
81
59
81
82
81
82
73
63
80
78
69
82
81
47
64
73
84
80
-84
85
64
85
77
85
82
73
84
74
53
75
81
78
83
81
85
81
67
85
40
62
81
79
85
61
71
20
47
58
82
80
71
85
84
67
80
77
70
72
85
66
64
79
46
84
69
46
83
70
74
72
41
64
72
61
72
61
84
79
83
80
58
57
69
76
87
41
71
54
71
85
1
54
-6
77
12
70
50
-32
79
69
67
83
59
59
83
83
85
79
78
58
71
82
24
74
61
69
12
82
73
46
79
71
79
69
84
85
83
73
84
83
83
79
78
82
81
77
85
80
77
83
82
78
53
85
84
66
80
67
81
85
82
83
84
73
85
81
65
84
85
83
82
85
85
83
83
82
70
49
66
52
80
85
85
83
79
71
74
81
77
81
64
81
84
-5
84
80
84
84
82
83
72
59
82
84
77
82
85
77
83
84
79
75
82
85
83
84
80
79
85
85
67
52
84
85
81
85
82
73
85
84
83
84
46
84
81
79
85
83
83
83
80
85
65
85
85
38
85
85
75
29
70
69
58
59
84
60
28
79
79
85
80
24
83
84
83
84
78
85
60
77
79
83
69
64
83
85
61
85
77
79
83
85
85
80
78
84
83
68
85
85
64
61
74
83
73
81
79
79
84
84
85
81
84
83
83
84
45
75
83
79
84
85
85
85
85
85
82
84
84
82
85
84
85
82
78
54
77
83
85
40
82
66
82
85
81
77
84
83
63
82
79
79
72
83
79
73
79
83
64
85
62
82
83
85
82
81
78
81
84
64
83
85
80
81
79
83
67
48
62
36
37
84
0
55
34
81
35
50
31
77
75
85
39
80
78
82
80
66
81
84
83
-351
78
84
28
45
72
83
78
16
84
75
82
79
85
84
85
83
83
84
83
76
82
56
83
81
84
85
84
83
85
85
85
57
-76
-150
6
17
-80
79
32
84
65
85
42
82
85
80
85
84
49
82
85
57
84
82
78
84
85
84
77
81
-209
85
81
82
85
82
84
85
85
70
82
82
74
60
83
-360
85
58
82
81
84
85
83
83
84
84
79
60
58
77
80
83
78
81
84
23
81
83
85
85
85
76
-167
85
78
81
85
84
85
82
85
83
85
85
83
69
82
64
84
76
72
83
85
83
84
85
82
85
76
85
72
85
82
-233
85
84
85
77
85
74
84
85
85
85
77
84
85
82
83
85
83
49
63
83
81
56
73
82
83
-53
68
85
83
85
85
79
85
85
85
85
75
83
85
85
85
52
84
85
85
85
85
85
85
85
85
83
85
69
85
81
83
84
85
85
85
85
81
79
85
83
85
-150
80
85
83
83
82
78
83
83
82
82
84
83
84
85
83
83
85
84
79
80
83
75
85
85
84
84
73
83
33
83
81
84
85
85
85
83
82
83
85
63
84
84
81
85
83
83
84
83
85
80
77
82
62
83
85
80
83
80
85
84
78
85
85
79
85
80
79
83
80
85
81
75
85
79
77
77
77
83
82
77
85
61
84
82
60
84
85
84
84
60
85
77
83
84
84
85
83
63
85
85
81
85
80
84
77
85
81
85
85
79
82
85
81
83
83
85
84
75
83
79
84
85
84
85
83
78
83
84
83
84
85
79
82
47
85
72
84
68
78
71
84
83
83
85
76
85
77
80
83
82
84
85
78
85
81
85
77
85
84
85
85
85
77
82
84
82
84
74
84
85
85
83
84
84
57
79
85
83
85
82
85
80
83
82
83
85
73
85
84
84
84
85
85
84
75
79
84
79
84
78
82
85
85
84
85
84
85
81
79
85
68
61
83
84
82
82
78
85
83
84
79
84
85
80
84
81
84
41
75
84
81
81
84
83
85
83
85
85
64
81
85
83
85
78
83
78
81
81
81
85
67
79
85
82
83
62
85
84
85
85
76
47
77
83
78
85
85
77
84
85
83
83
84
74
85
68
82
85
85
84
84
85
81
83
83
83
85
63
83
85
85
84
85
85
77
78
83
82
85
83
85
84
85
83
84
80
81
81
84
81
84
77
84
79
63
81
84
80
82
85
84
85
82
85
85
81
77
84
83
85
70
76
85
85
83
85
84
82
85
82
62
84
85
85
83
84
84
84
77
81
84
70
81
76
85
83
85
81
82
81
85
84
85
84
81
85
85
82
83
85
83
83
85
78
83
83
83
84
80
82
85
78
84
83
85
78
76
85
85
84
41
83
83
83
85
83
80
85
83
81
85
85
85
82
85
80
84
78
84
85
85
81
83
85
82
82
85
82
85
85
83
85
83
77
83
83
80
83
81
84
79
82
85
77
82
75
81
79
85
81
83
80
85
85
85
85
83
84
82
85
82
82
83
85
85
85
82
85
74
81
85
85
77
85
85
83
78
83
85
81
84
85
85
84
85
55
64
85
85
62
85
83
83
84
85
75
85
82
79
85
84
85
83
85
83
85
85
79
85
82
82
85
84
82
82
85
85
84
85
84
79
84
81
80
84
84
81
85
84
85
85
81
74
77
83
81
85
82
79
79
85
82
84
82
84
83
78
85
85
84
85
85
84
85
82
84
83
64
84
85
83
84
72
83
85
84
84
85
80
85
83
82
82
69
85
85
83
83
84
84
79
85
84
78
85
85
85
85
83
64
84
84
82
82
85
84
85
60
80
85
80
85
83
85
83
85
82
84
85
76
81
79
83
85
64
83
83
85
84
85
79
85
83
85
85
83
85
80
84
85
83
85
64
83
83
84
83
85
85
85
84
75
86
83
85
85
84
84
85
85
85
85
85
85
83
78
84
83
85
81
85
82
84
84
85
84
82
85
79
85
82
85
85
82
85
83
82
63
84
83
78
78
83
82
85
70
85
83
85
85
83
85
81
82
76
85
84
84
83
82
74
83
85
85
81
83
84
85
84
84
85
85
84
83
83
85
83
85
83
85
85
82
85
85
84
58
42
81
83
82
84
84
81
77
85
76
85
85
85
83
85
84
76
78
81
85
85
83
64
79
85
85
84
85
81
84
85
83
82
85
85
79
85
83
84
82
84
84
85
85
82
83
82
85
84
85
83
80
85
84
85
77
83
82
85
82
84
85
83
84
83
83
82
83
84
85
85
84
83
85
84
87
64
84
85
80
84
82
79
85
74
85
84
85
82
83
84
85
85
85
83
81
58
83
85
85
85
83
85
84
85
85
84
84
84
83
82
85
85
85
81
85
84
83
82
85
83
85
83
82
83
84
85
84
83
85
83
85
84
85
85
84
83
85
84
81
70
85
85
82
84
84
83
85
85
85
85
85
85
84
85
85
84
87
85
84
85
77
85
83
83
85
83
85
83
84
87
83
85
85
85
83
85
85
84
78
85
85
85
83
76
85
84
83
83
79
84
84
85
77
85
79
64
84
85
83
84
84
85
83
85
85
83
83
82
85
84
83
83
77
85
84
85
85
85
85
83
85
85
83
80
77
83
83
85
85
84
85
83
84
80
84
83
85
62
80
85
63
82
85
85
83
82
62
84
85
82
84
76
85
82
74
80
82
85
81
80
62
79
62
85
81
60
85
63
-36
85
49
85
82
82
82
79
81
82
82
79
81
79
59
74
74
82
82
82
71
76
80
81
75
82
82
80
81
81
82
82
85
82
82
82
81
82
80
82
82
79
79
62
81
82
82
84
82
82
82
85
61
73
84
85
80
82
87
82
80
80
82
82
82
82
82
79
85
82
80
82
79
61
81
82
83
81
82
80
81
60
82
82
79
85
82
82
82
80
46
82
81
68
82
82
55
81
82
81
78
82
77
80
82
10
84
83
77
60
76
63
80
82
78
81
74
82
80
79
80
82
82
82
62
57
80
82
55
78
80
82
80
81
82
81
81
82
82
82
81
80
73
69
77
82
78
80
77
74
63
69
79
46
11
15
-145
-203
-24
58
27
60
80
81
45
30
38
74
42
55
52
73
67
82
84
82
81
57
70
82
82
63
82
79
62
81
-205
17
-78
87
87
80
79
87
82
82
87
86
87
69
83
83
86
85
86
87
86
83
87
87
81
87
86
86
81
86
87
86
84
87
72
87
85
85
86
83
85
45
86
79
80
85
87
87
86
86
85
79
86
87
86
74
85
72
83
87
87
62
84
86
87
31
85
84
84
75
87
87
83
87
81
85
85
87
87
87
87
86
76
87
87
61
87
78
87
84
87
86
66
84
87
85
86
87
79
85
85
85
85
85
85
87
87
87
87
84
85
84
86
85
85
85
83
87
86
87
87
87
82
86
87
87
87
83
84
86
78
82
61
82
84
85
85
83
84
85
79
84
85
85
85
85
85
84
85
84
85
85
85
85
83
85
85
82
85
85
85
84
85
83
85
85
85
84
85
85
82
85
85
85
83
85
85
85
-62
85
85
85
79
85
85
87
81
83
84
87
85
85
85
86
87
85
83
85
84
84
86
84
82
65
85
85
85
85
85
85
87
84
87
85
87
86
87
87
86
87
87
84
85
83
87
43
87
87
79
87
86
87
53
84
84
85
87
85
86
81
83
85
69
87
85
86
85
86
87
87
87
85
87
87
87
84
84
87
85
87
87
85
87
87
84
81
87
87
85
87
87
87
85
83
85
87
87
87
85
85
86
87
86
85
87
82
87
87
86
85
87
87
86
85
87
87
85
87
87
85
84
86
87
87
87
86
85
87
87
86
85
87
84
87
87
87
85
87
87
84
87
87
87
86
87
87
87
85
87
86
85
87
86
87
87
87
85
87
87
86
87
87
62
86
85
87
85
87
87
87
85
87
85
86
87
87
86
85
85
87
87
87
87
87
87
87
87
87
87
87
87
87
87
85
79
87
83
85
86
85
87
87
86
87
87
87
87
84
86
84
86
87
85
87
84
87
87
86
87
83
86
87
86
87
87
87
81
85
87
87
87
85
85
87
87
86
87
85
87
87
85
86
87
87
87
87
87
87
87
87
87
87
87
64
87
86
87
84
87
84
86
83
87
85
87
87
86
87
87
84
86
87
87
84
87
86
87
87
85
87
85
87
87
87
87
87
87
87
66
83
87
87
86
87
87
87
85
87
87
86
87
86
87
84
87
87
87
87
87
87
87
87
87
87
87
87
87
86
85
87
82
87
87
87
87
85
87
87
87
87
87
86
86
87
87
87
87
87
85
87
81
87
87
83
84
87
86
87
83
87
87
87
87
87
86
87
86
87
86
87
87
87
87
86
85
87
85
86
87
87
85
85
87
85
86
86
87
81
87
87
86
87
87
87
87
87
85
87
87
87
87
87
86
87
85
87
87
87
87
87
87
86
87
85
87
86
80
87
83
87
85
87
87
83
87
87
87
87
87
87
86
86
85
87
85
87
82
85
87
87
87
86
87
87
87
85
87
87
87
87
87
87
87
87
87
87
83
86
87
87
87
87
87
87
83
87
85
85
87
86
87
87
87
81
87
85
83
87
85
80
87
81
87
86
64
87
87
87
87
85
87
87
87
86
86
87
80
87
87
87
87
87
86
87
87
84
87
87
87
87
85
81
87
87
85
87
86
85
87
85
87
87
87
84
87
87
87
87
87
86
87
87
87
85
87
87
87
87
87
83
87
87
87
87
87
87
87
87
87
86
86
87
87
87
85
87
86
87
87
87
87
87
87
66
87
87
87
87
87
87
86
81
87
84
86
85
87
81
87
81
87
87
86
87
87
87
87
87
87
85
87
85
87
87
87
87
87
85
87
87
87
87
87
86
86
85
87
87
87
85
87
87
87
85
87
87
86
87
87
87
87
87
87
87
87
86
87
87
87
87
87
87
87
87
87
87
87
87
87
87
87
86
87
85
87
87
87
87
87
87
87
87
87
87
87
87
87
87
87
86
87
87
87
86
87
87
87
87
87
87
86
87
87
87
81
87
85
86
87
87
87
87
87
87
84
87
87
86
87
87
87
87
87
87
87
87
87
86
84
87
87
86
87
87
87
87
87
86
87
87
87
87
87
86
87
87
87
87
87
87
87
87
87
87
87
87
87
84
87
87
87
87
87
86
87
87
85
87
87
87
87
83
87
86
87
87
87
87
87
87
87
85
85
87
87
87
86
87
87
87
87
87
85
87
87
87
87
87
87
87
87
87
87
87
87
85
87
87
87
87
85
87
87
86
87
87
87
87
87
87
87
87
87
87
87
87
87
87
87
87
85
87
87
87
87
87
87
87
87
87
87
85
87
87
86
87
86
87
87
87
87
87
86
87
87
87
87
87
87
87
87
87
87
87
87
87
87
87
87
87
87
86
87
87
87
87
87
87
86
87
87
87
87
87
85
87
87
87
87
87
87
87
87
87
87
87
87
87
87
87
87
87
87
87
86
87
87
83
87
87
87
87
87
87
87
87
87
87
87
87
87
66
87
87
87
87
86
87
87
85
87
85
87
87
87
87
87
87
87
87
87
87
87
87
87
87
87
87
87
87
87
87
87
87
87
87
86
87
87
87
87
87
87
87
83
87
87
87
87
87
87
87
85
87
87
87
85
87
87
87
87
87
87
87
87
87
87
87
87
87
87
87
87
87
87
87
87
87
87
87
87
87
86
85
87
85
87
87
87
87
87
87
87
87
87
87
87
87
87
87
86
87
87
87
87
86
87
87
87
87
87
87
87
87
87
87
87
87
87
86
87
87
87
87
87
87
87
87
87
86
87
87
87
87
87
87
87
87
87
87
87
87
87
87
87
87
87
87
87
87
87
87
81
87
86
87
87
87
87
87
87
87
87
87
87
87
87
87
87
87
87
85
87
87
87
87
87
87
87
87
84
87
86
87
87
87
87
87
85
87
87
87
87
87
87
87
87
87
87
87
87
87
87
87
87
87
87
87
87
87
87
87
87
87
87
87
87
87
87
87
87
85
87
87
86
87
86
86
87
87
87
87
86
87
87
87
87
86
87
87
87
87
87
87
87
87
87
87
87
87
87
87
87
87
87
87
87
87
87
87
87
87
87
87
87
87
83
87
87
87
87
87
87
87
87
87
87
87
87
87
87
86
87
87
87
87
87
87
87
87
87
87
87
87
87
87
87
87
87
87
87
87
87
87
87
87
87
87
66
87
87
87
87
87
87
87
87
85
87
87
87
87
87
87
87
87
87
87
87
85
87
87
87
87
87
87
87
87
86
87
87
87
87
87
87
87
87
87
87
87
87
87
87
87
87
87
86
87
87
86
87
87
87
87
87
87
85
87
87
87
87
87
66
87
85
87
87
87
87
87
87
87
87
85
87
87
86
87
87
87
87
87
87
87
87
87
87
87
87
87
87
87
87
87
87
87
87
87
87
87
87
87
87
87
87
87
87
87
86
87
87
87
87
87
87
87
87
87
87
87
87
87
87
85
87
87
87
87
87
87
87
87
87
87
87
87
87
87
87
87
87
87
87
87
86
87
87
84
87
86
86
87
87
87
87
87
85
87
87
87
87
87
87
87
86
87
87
85
87
87
87
87
87
85
87
87
87
87
87
87
87
87
87
87
87
87
87
87
87
87
87
86
87
87
87
87
87
87
87
86
87
87
87
87
87
87
87
87
87
87
87
87
87
87
87
87
87
87
85
87
87
87
87
87
87
87
87
87
85
87
87
87
81
87
87
87
87
87
87
87
87
87
87
87
87
87
87
87
87
87
87
87
87
87
87
87
87
87
87
87
87
87
87
87
87
87
87
87
87
86
87
87
87
86
87
87
87
87
87
87
87
87
87
87
87
87
87
85
87
87
87
87
87
87
87
87
87
87
87
87
87
87
87
87
87
87
87
87
87
87
87
87
87
87
87
87
87
87
87
87
87
87
87
87
87
87
87
87
87
87
87
87
87
87
86
87
87
87
87
87
87
87
87
87
87
87
87
87
87
87
87
87
87
87
87
87
87
87
87
87
87
87
87
87
87
87
87
87
87
87
87
87
87
87
87
87
87
87
87
87
87
87
87
87
87
87
87
87
87
87
86
87
87
87
87
87
87
87
87
87
87
87
87
87
87
87
87
87
87
87
87
87
87
87
87
87
85
86
87
87
87
87
87
87
87
87
87
87
87
87
87
87
87
87
87
87
87
87
87
87
87
86
87
87
87
87
87
87
86
87
87
87
87
87
87
87
87
87
87
87
87
87
87
87
87
87
87
87
86
87
87
87
87
87
87
87
87
87
87
87
87
87
87
87
87
87
87
87
87
87
87
85
87
87
87
87
87
87
87
87
87
87
87
87
87
87
87
87
81
87
85
87
87
87
87
87
87
87
87
87
87
85
87
87
87
87
87
87
87
87
87
87
87
87
87
81
66
87
87
87
87
87
87
87
87
86
87
87
87
87
87
87
87
87
87
87
86
87
87
87
87
87
87
87
87
87
87
87
87
87
87
87
86
85
87
87
87
87
87
87
87
85
87
87
87
87
87
87
87
87
85
87
87
87
87
87
87
87
87
87
87
87
87
87
87
87
87
87
87
87
87
86
87
87
87
87
87
87
87
87
87
87
87
87
85
87
87
87
87
87
87
87
87
87
81
87
85
87
87
87
87
87
87
85
87
87
87
87
87
87
87
87
87
87
87
87
87
87
87
87
85
87
87
87
87
87
87
87
87
87
87
87
87
87
87
87
87
87
87
87
87
87
87
87
86
87
87
87
84
87
87
87
87
86
87
87
87
87
87
87
87
87
87
87
87
87
87
87
87
87
87
87
87
87
87
87
87
87
87
87
87
87
87
87
87
87
87
87
87
87
87
87
87
87
87
87
87
87
87
87
87
87
87
87
87
87
87
87
87
87
87
87
87
86
87
87
87
87
87
87
87
87
87
87
87
87
87
85
86
87
87
87
87
85
87
87
87
87
87
87
87
87
85
87
87
87
87
87
87
87
87
87
87
85
87
86
87
87
87
87
87
87
87
87
87
86
86
86
87
87
87
87
87
87
87
87
87
87
87
87
87
87
87
87
87
87
87
83
87
87
87
87
87
87
86
87
87
87
87
83
87
85
87
87
87
87
87
87
87
87
87
87
87
87
87
87
87
87
87
87
85
87
87
87
87
86
87
87
87
87
87
87
87
87
87
87
87
87
87
86
87
87
87
87
87
87
85
87
87
87
85
87
87
87
87
87
87
87
87
87
87
87
87
87
87
87
87
86
87
87
87
87
86
87
87
86
87
87
87
87
87
87
87
87
87
87
87
87
87
87
87
87
87
87
87
87
86
87
86
87
87
87
86
87
87
87
87
87
87
87
87
87
87
87
87
83
87
87
87
87
87
87
87
87
87
87
87
87
87
87
87
87
86
87
87
87
87
87
86
87
87
87
87
87
87
87
87
87
87
87
85
87
87
87
87
87
87
87
87
87
83
87
87
87
87
87
87
87
87
87
87
87
85
87
87
87
87
87
87
87
87
87
87
87
87
87
87
87
87
87
87
87
86
87
87
87
87
87
87
87
87
87
85
86
87
87
85
87
87
87
87
87
87
87
87
87
87
87
86
87
87
87
87
87
87
87
87
87
87
87
87
87
87
87
87
87
85
86
87
87
87
87
87
87
87
87
87
87
85
87
87
87
87
87
87
87
87
86
87
87
87
87
87
87
87
87
87
87
87
87
87
87
87
87
87
87
87
87
87
87
87
87
87
87
86
87
86
87
87
87
87
87
87
87
87
87
87
86
87
87
86
66
85
87
87
87
87
87
87
87
87
87
87
87
87
87
87
87
87
87
87
87
87
87
87
87
87
87
87
87
86
87
87
87
87
87
87
87
86
87
87
87
87
87
87
87
87
83
87
87
87
87
87
87
87
87
87
87
87
87
87
87
86
87
87
87
87
87
87
87
87
86
87
87
87
87
87
87
85
87
87
87
87
87
87
87
87
87
87
87
87
87
87
87
87
87
87
87
87
87
87
87
87
87
87
87
87
86
87
86
87
87
87
87
87
87
87
87
86
87
87
87
87
86
87
87
87
87
87
87
87
87
87
87
87
87
87
87
87
87
87
87
87
87
87
87
87
87
86
87
87
87
87
87
87
87
87
87
87
87
87
87
87
87
87
87
87
87
87
87
85
87
87
87
87
86
87
87
87
87
87
87
87
87
87
87
87
87
87
87
87
87
87
87
87
87
87
87
87
87
87
87
87
87
87
87
87
87
87
87
87
87
87
87
87
87
87
87
87
87
85
87
86
87
87
86
87
87
87
87
87
87
87
87
87
87
87
87
87
87
87
87
87
79
87
87
87
87
87
87
86
87
87
87
87
87
87
86
87
87
87
85
85
87
87
87
85
87
87
87
87
87
87
87
87
87
86
87
87
87
87
87
87
87
87
87
87
87
87
87
87
87
87
87
87
87
87
87
87
87
87
87
87
87
85
87
87
87
87
87
87
87
87
87
87
87
87
87
87
87
87
87
87
87
87
85
87
87
87
87
83
86
87
87
87
87
87
87
87
87
87
87
87
85
87
87
87
87
87
87
87
87
87
87
66
87
85
87
87
85
87
87
87
87
87
87
87
87
87
87
87
87
87
87
87
87
87
87
87
87
87
87
87
87
87
87
85
87
87
87
87
87
86
87
87
87
87
87
87
87
87
87
87
87
85
87
87
87
87
87
87
87
86
87
87
87
87
87
87
87
87
87
87
87
87
87
87
87
87
87
87
87
87
87
87
87
87
87
87
87
87
87
87
87
87
87
85
87
87
87
87
87
87
87
87
87
87
87
87
87
87
87
87
87
86
87
87
87
87
87
87
87
87
87
87
87
85
87
87
87
87
87
87
87
87
87
87
87
87
87
87
87
87
87
87
87
87
85
87
87
87
87
85
87
87
87
87
87
87
87
87
87
85
87
87
87
87
87
87
87
87
87
87
87
87
87
87
86
87
87
87
87
87
87
87
87
87
87
85
87
87
87
87
87
87
87
87
86
87
85
87
87
87
87
87
87
87
87
87
87
87
87
87
86
87
85
87
87
87
87
87
87
87
87
87
87
87
87
87
87
87
87
87
87
87
87
85
87
87
87
87
87
87
87
87
87
87
85
87
87
87
87
87
87
87
87
87
87
87
87
87
87
87
87
87
87
87
87
87
87
87
87
87
87
87
87
87
87
87
87
87
87
87
87
87
87
87
86
87
87
87
87
87
87
87
87
87
87
87
87
87
87
87
87
87
87
87
87
87
87
87
86
87
87
87
87
87
87
85
87
87
87
84
87
87
87
87
85
87
87
87
87
87
87
87
87
87
87
87
87
87
87
87
87
87
87
87
87
87
85
87
87
87
87
87
87
87
87
87
87
87
87
87
85
87
87
87
87
87
87
87
87
87
87
87
87
87
87
87
87
87
87
87
87
87
87
87
87
85
87
87
87
87
87
87
87
87
87
87
87
87
87
87
87
87
87
87
87
87
87
87
87
87
87
87
83
87
87
87
87
87
87
87
87
87
86
87
87
85
87
87
87
87
87
87
87
87
87
87
87
87
87
87
87
87
87
87
87
87
85
87
87
87
87
87
87
87
87
87
87
87
87
87
87
87
87
87
87
83
87
87
87
87
87
87
86
87
87
87
85
85
87
87
87
87
87
87
87
87
87
87
87
87
87
87
87
87
87
86
87
87
87
87
87
87
87
87
85
87
87
87
87
86
87
87
87
87
87
87
86
87
87
87
87
87
87
87
84
87
87
86
87
86
87
87
87
87
87
87
87
87
87
87
87
87
87
87
87
87
87
86
87
87
87
87
87
87
87
87
87
87
87
87
87
87
87
87
87
87
87
87
87
87
87
87
87
87
87
87
87
87
87
87
87
87
87
87
87
87
87
87
87
87
87
85
87
87
87
87
87
87
87
87
87
87
87
87
87
85
87
87
87
87
87
87
87
87
87
87
87
87
87
87
87
87
87
87
87
87
87
87
87
86
87
85
87
87
87
87
87
87
87
87
87
87
87
87
87
87
87
87
87
87
87
66
85
87
87
86
87
87
87
87
87
87
87
87
87
87
87
87
87
87
87
87
87
87
87
87
87
87
87
87
87
87
87
87
87
85
87
87
87
87
87
87
87
87
87
87
87
87
87
87
87
87
87
87
87
87
87
87
85
87
87
87
87
87
87
87
87
87
85
87
87
87
87
86
87
87
87
87
87
86
87
81
87
87
87
87
87
87
86
87
87
87
87
87
87
87
87
87
87
87
80
87
85
87
87
87
87
87
87
87
87
87
87
87
87
87
87
87
86
87
87
87
87
87
87
86
86
87
87
87
87
87
87
87
87
87
87
87
87
87
87
85
87
87
87
87
87
87
87
87
87
87
87
87
87
87
87
87
87
87
87
87
85
87
87
87
87
87
87
87
85
87
86
87
87
85
85
87
87
87
87
87
85
87
87
87
87
87
87
87
86
85
87
87
87
87
87
87
87
87
87
87
87
87
87
87
87
87
87
87
87
87
87
87
87
87
87
86
87
87
87
87
87
87
87
87
87
87
87
87
83
87
87
86
87
87
87
87
87
87
87
87
87
87
87
87
87
87
87
87
87
87
87
87
87
87
87
87
87
87
87
87
87
87
87
87
85
87
87
87
87
85
86
87
87
87
87
87
87
86
87
87
87
87
87
87
87
87
87
87
87
87
87
87
87
87
87
87
87
87
87
87
87
87
87
87
87
87
87
87
87
87
87
87
87
87
87
87
87
87
87
87
87
87
87
87
87
87
87
87
87
87
87
87
87
87
87
87
85
87
87
87
87
86
87
87
87
87
87
87
87
87
87
87
87
87
87
87
87
87
87
87
87
87
87
87
87
87
87
87
87
87
87
85
87
87
87
87
87
87
87
87
87
87
87
87
87
87
87
87
87
87
87
87
87
87
87
86
87
87
87
87
87
87
87
87
87
87
87
87
87
87
87
87
87
87
87
87
87
87
87
87
87
87
87
87
87
87
87
87
87
87
87
87
87
87
86
87
87
87
87
87
87
87
87
87
87
87
87
87
87
87
87
87
87
87
86
87
87
85
87
87
87
87
87
87
87
87
87
87
87
87
87
87
87
87
87
87
87
87
87
87
86
87
87
87
66
87
87
87
87
87
87
87
87
87
87
87
87
87
87
87
87
87
85
87
87
87
87
86
87
87
87
87
87
87
85
87
85
87
87
87
86
87
87
87
87
87
87
87
87
87
87
87
87
87
87
86
87
85
87
87
87
87
86
87
87
87
87
87
87
87
85
87
87
87
87
87
87
87
87
85
87
87
87
87
87
87
87
87
87
87
87
87
87
87
87
87
87
85
87
87
87
87
87
87
85
87
87
87
86
85
87
87
85
87
87
87
87
87
87
87
87
87
87
87
87
87
87
87
87
87
85
87
87
87
85
87
87
87
87
87
87
87
87
87
87
87
87
87
87
87
87
87
87
87
87
87
87
87
87
87
87
87
87
87
87
87
87
86
87
87
87
87
87
87
87
87
87
87
87
87
87
87
87
87
87
87
87
87
87
87
87
87
87
87
85
87
87
87
87
87
87
87
87
87
87
87
87
87
87
87
87
87
87
87
87
87
87
87
87
87
87
87
87
87
87
86
87
87
87
87
87
87
83
87
87
87
87
87
87
87
87
86
87
87
87
87
87
87
87
86
87
87
87
87
87
87
87
87
87
87
87
86
87
87
87
87
87
87
87
87
87
87
87
87
87
87
87
87
87
87
87
87
87
87
87
87
87
87
87
87
87
87
87
87
86
87
87
87
87
87
87
87
87
87
87
87
85
87
86
87
87
87
87
87
87
87
87
87
87
86
85
87
87
87
87
87
87
87
87
87
87
87
87
87
87
87
87
87
87
87
87
87
87
87
87
87
87
87
87
87
87
87
87
87
87
87
87
87
87
87
85
87
87
87
87
87
87
87
87
87
87
87
87
87
87
87
87
87
87
87
87
87
87
87
87
87
87
87
87
87
87
87
87
87
87
87
87
87
87
87
87
87
87
87
87
87
87
87
87
87
87
87
87
87
87
87
87
87
87
87
87
87
87
87
87
87
87
87
86
87
87
87
87
87
86
87
87
87
87
87
87
87
87
87
87
87
87
87
87
87
87
87
87
87
87
87
87
87
87
87
87
87
87
87
87
87
85
87
86
87
87
87
86
86
83
87
87
87
87
87
87
87
86
87
87
87
87
87
87
87
87
87
87
87
87
87
87
87
87
87
87
87
87
86
87
87
87
87
83
87
87
87
87
87
87
87
87
87
87
87
87
86
87
87
87
87
87
87
87
85
87
87
87
87
87
87
87
87
87
85
87
87
86
87
87
87
87
87
87
87
87
87
87
87
87
87
86
87
87
87
87
87
87
87
87
87
87
87
87
86
87
87
85
87
87
84
87
87
87
87
87
87
87
87
87
87
87
87
87
87
87
87
86
87
87
87
87
87
87
86
86
87
87
87
87
87
87
87
87
87
87
87
87
87
87
87
87
85
86
87
87
87
87
87
87
87
87
87
87
87
87
87
87
87
87
86
87
87
87
87
87
83
87
87
87
87
87
87
87
87
87
87
87
87
87
87
87
87
87
87
87
87
87
87
87
87
87
87
87
87
87
87
87
87
87
87
87
83
86
87
87
87
87
87
87
87
87
87
87
87
87
87
87
87
87
87
87
87
87
87
87
87
86
87
87
87
87
87
87
87
87
87
87
86
87
87
87
87
87
87
87
87
87
87
87
87
87
87
87
87
87
87
87
87
87
86
87
87
87
87
87
87
87
87
87
87
87
87
87
87
87
87
87
87
87
87
84
87
87
85
87
87
87
85
87
87
87
87
87
87
87
87
87
87
85
87
87
87
87
87
87
87
87
87
87
87
87
87
85
87
87
87
87
87
87
87
87
87
