500
500
500
500
500
500
500
500
500
500
500
500
500
500
500
500
500
500
500
500
500
500
500
500
500
500
500
500
500
500
500
500
500
500
500
500
500
500
500
500
500
500
500
399
500
500
500
500
500
500
299
500
500
500
500
500
500
500
383
500
500
197
217
500
147
455
500
500
500
500
500
500
256
455
441
282
500
500
161
374
500
171
228
218
193
500
500
366
500
500
317
500
467
320
303
500
500
500
500
500
500
318
500
500
500
145
500
500
369
500
217
189
429
280
206
302
320
500
500
500
500
411
343
311
243
500
500
263
458
184
244
500
500
83
126
209
500
304
500
103
203
135
162
234
250
139
223
150
500
179
293
500
285
348
226
328
330
242
500
234
183
98
500
94
355
216
93
228
74
125
130
365
399
280
500
84
208
500
174
341
255
233
500
500
500
500
261
116
500
380
500
500
474
238
500
500
500
500
471
288
500
227
135
500
500
500
307
246
115
334
329
500
408
322
160
500
161
191
190
326
500
466
303
455
292
500
500
389
470
344
500
341
198
500
500
196
335
149
467
375
500
346
500
196
121
500
500
470
395
355
500
395
188
280
500
377
69
285
500
487
231
168
112
327
147
220
322
68
168
269
82
493
276
65
322
227
500
325
145
158
80
500
143
232
277
254
212
500
236
84
101
116
214
500
61
80
129
500
73
181
103
107
103
182
85
153
175
500
90
84
69
219
245
53
117
174
44
193
96
129
185
114
195
174
58
266
139
138
81
81
89
478
69
33
105
296
286
86
67
500
92
87
143
107
116
83
46
54
80
119
117
105
119
69
79
143
70
45
54
107
82
67
67
61
98
63
51
106
39
44
86
45
76
46
116
107
49
69
111
53
53
72
103
116
93
42
54
57
108
91
81
63
57
52
61
48
73
67
35
109
93
229
111
86
56
80
36
58
78
76
38
56
69
125
98
39
73
46
47
51
71
63
52
42
67
73
145
50
65
48
43
81
42
81
73
105
48
43
35
82
60
48
82
51
45
43
72
45
65
122
64
69
90
72
34
40
37
77
44
59
75
59
70
44
46
65
50
154
66
99
58
108
54
54
58
57
48
62
47
35
56
84
54
61
44
55
38
53
38
43
38
47
64
51
34
53
48
46
46
45
54
63
47
46
57
59
51
34
35
106
42
49
184
47
65
45
58
198
53
73
48
44
73
50
50
37
47
31
40
40
37
34
313
39
42
55
57
35
229
38
34
36
121
42
42
37
70
46
54
47
71
42
39
58
38
38
60
39
47
36
76
54
57
44
52
56
38
64
39
47
56
67
37
48
52
54
41
61
61
53
61
37
46
61
70
41
49
42
56
49
47
34
45
39
97
69
36
43
56
46
40
36
49
54
39
38
54
47
97
144
36
38
83
111
39
49
44
102
58
65
38
47
57
52
43
144
39
41
178
65
67
38
74
90
50
293
43
108
39
43
173
36
49
127
52
133
122
64
102
265
162
53
44
193
142
66
44
45
395
42
64
429
42
57
134
137
118
83
246
301
253
111
407
92
92
123
228
60
307
55
56
66
40
45
41
154
46
66
81
39
46
53
178
95
77
79
84
82
314
78
57
59
52
38
45
53
43
54
55
38
59
84
59
104
500
68
66
99
36
40
60
47
90
67
46
39
96
48
38
45
50
44
59
70
98
75
197
113
145
202
189
146
121
500
304
215
476
149
210
79
40
47
59
149
43
43
239
61
72
90
307
117
292
43
47
41
39
53
40
39
38
50
52
113
70
112
47
55
58
95
82
40
62
78
39
52
65
42
42
44
42
36
45
50
45
45
45
62
40
44
53
44
38
38
39
43
40
57
62
73
46
36
42
39
51
36
40
44
43
57
38
60
55
37
36
48
39
83
42
42
43
38
38
36
36
63
36
36
37
41
37
39
36
51
51
36
38
40
37
79
47
47
41
39
40
40
42
53
42
39
39
41
38
37
38
38
45
38
38
41
36
55
38
39
36
41
40
41
63
59
54
88
36
36
50
41
41
46
86
40
38
38
40
51
36
38
51
36
54
36
39
41
38
47
66
48
36
42
38
69
44
39
40
41
38
38
37
50
53
56
47
45
38
38
39
36
41
52
39
38
40
42
40
57
86
42
40
39
40
52
42
38
48
41
42
49
38
52
51
38
42
39
42
44
47
50
37
37
39
44
38
36
39
40
41
49
38
39
40
64
37
38
40
38
40
40
38
38
38
41
38
39
36
44
38
36
42
40
52
38
40
44
39
38
39
42
41
38
38
43
38
44
39
40
55
46
91
39
48
41
44
43
103
117
74
129
59
38
66
38
41
49
38
46
44
39
51
38
40
42
48
39
38
38
44
95
40
38
38
46
104
120
41
112
39
43
38
42
403
300
48
41
38
47
105
106
44
53
40
39
43
38
39
42
44
194
219
180
41
48
42
41
40
39
38
38
42
65
66
41
40
52
40
39
500
42
43
108
40
43
53
38
44
38
38
39
48
41
59
38
38
40
48
40
38
87
43
38
40
41
40
40
41
41
91
38
42
38
40
38
41
38
51
42
43
38
38
38
49
40
40
38
44
44
38
52
87
40
38
49
39
42
39
40
40
50
39
39
45
67
41
38
43
40
43
70
49
39
39
76
38
38
39
206
38
52
40
40
38
38
51
38
38
38
39
40
38
47
48
38
175
41
38
39
77
66
108
39
253
212
296
53
40
84
362
38
67
55
42
39
38
42
61
48
48
42
42
54
53
121
56
38
40
39
59
56
58
44
38
38
38
40
41
38
138
40
46
118
42
40
38
38
42
42
46
40
45
40
38
45
42
42
40
72
49
45
38
39
39
65
45
47
39
296
44
38
81
38
42
38
41
40
39
52
44
57
38
38
38
54
40
58
41
41
40
55
38
43
40
38
38
147
41
40
39
41
40
48
40
40
48
39
39
39
40
48
43
51
50
38
38
55
41
40
38
45
111
80
61
157
68
88
41
58
66
55
120
53
81
64
41
44
39
115
52
42
50
39
54
54
44
66
114
47
40
38
39
41
92
62
45
240
38
38
40
38
38
39
39
41
40
43
52
51
38
38
39
38
40
38
38
47
51
41
41
43
158
47
43
176
51
40
40
79
39
46
39
39
38
40
43
71
40
40
38
41
42
41
39
38
41
38
38
55
39
41
38
38
49
48
42
49
38
51
38
38
40
38
38
38
43
40
38
40
42
48
38
43
40
39
56
38
38
40
38
60
42
48
38
54
41
49
39
46
40
42
40
40
39
38
42
47
38
41
38
40
38
39
39
39
45
40
76
41
39
38
47
42
38
38
39
51
49
44
40
39
40
45
48
78
55
110
62
45
306
101
73
66
38
42
112
51
38
41
38
72
55
38
38
53
43
39
42
62
42
55
40
43
55
46
38
38
38
72
45
57
39
41
38
44
57
38
38
44
216
39
40
42
38
40
40
38
57
40
40
39
45
39
48
40
48
48
38
40
45
38
38
49
40
41
50
40
38
50
38
54
38
38
42
56
46
39
53
40
41
39
39
38
38
38
43
38
46
38
47
39
41
51
42
40
38
38
47
42
39
38
39
38
40
39
40
38
40
41
39
40
38
49
39
40
38
57
39
44
38
38
38
38
41
40
39
38
42
41
39
38
40
38
42
39
48
41
40
39
54
38
40
41
42
38
38
41
38
41
40
40
39
41
39
38
39
49
41
38
38
48
46
38
39
40
40
38
38
38
43
38
45
40
38
39
39
40
40
38
40
40
40
42
38
38
41
38
42
38
41
38
39
40
44
40
41
41
38
39
58
38
44
42
50
40
74
81
40
51
39
41
38
38
50
40
40
46
38
41
41
40
39
38
38
38
39
38
38
38
38
46
38
40
40
41
51
42
38
38
44
38
42
38
38
40
38
38
39
40
38
40
42
39
42
38
39
41
38
38
50
40
38
42
40
40
39
39
38
39
41
38
42
42
40
39
46
41
42
48
38
38
40
38
38
39
38
40
49
40
38
41
38
40
40
45
44
38
39
38
41
46
39
52
38
39
38
40
38
40
39
38
39
39
39
38
42
43
41
38
49
39
40
42
38
42
40
38
38
39
45
47
42
40
38
38
41
41
38
38
42
48
38
38
40
39
38
40
38
38
36
40
38
38
38
40
51
42
36
38
38
43
39
38
38
42
40
39
41
39
38
38
50
40
41
39
38
36
40
40
36
40
38
39
39
39
38
38
38
39
38
38
38
43
39
38
41
40
38
38
41
38
38
38
38
40
44
39
39
41
38
39
38
38
40
39
39
39
38
38
38
40
39
50
40
39
47
38
40
40
39
39
62
38
39
40
38
44
41
47
40
39
38
38
38
40
41
38
38
38
38
38
39
39
47
43
40
39
39
37
37
38
36
40
39
40
45
39
39
38
38
37
38
37
40
38
38
38
36
36
38
36
36
34
36
38
40
36
36
39
38
36
36
39
40
36
36
40
36
37
36
36
37
38
36
38
36
38
38
36
37
36
38
36
36
37
36
38
36
36
40
37
36
36
36
37
38
41
37
36
37
36
43
36
37
36
36
36
36
43
39
39
36
37
36
36
38
40
36
37
37
36
38
37
36
36
36
36
36
39
36
37
36
36
36
40
36
36
37
37
39
37
36
36
36
36
42
37
37
38
36
40
36
37
43
36
37
38
36
36
36
36
37
37
37
36
37
37
36
36
36
40
36
36
36
36
38
36
36
36
36
37
36
38
38
36
35
36
39
38
36
36
36
38
38
36
36
38
42
38
38
37
38
38
37
39
36
37
36
36
37
36
37
36
37
34
45
36
35
37
34
36
36
38
39
34
36
38
37
34
36
36
34
37
36
35
34
38
37
34
34
36
34
34
37
37
37
34
43
36
36
36
36
34
39
38
36
38
48
36
44
52
37
36
54
68
39
43
36
36
37
38
36
36
36
36
34
38
36
36
35
38
37
53
36
40
34
36
38
38
38
36
36
38
40
36
37
39
37
34
39
34
34
37
39
34
34
40
37
37
35
39
36
35
34
38
42
37
36
43
36
36
38
36
37
41
40
36
38
36
36
37
36
36
37
38
39
38
37
40
38
34
34
36
34
35
36
35
36
35
34
37
36
38
36
37
37
34
34
37
34
39
38
38
35
35
35
36
34
34
34
35
37
34
34
34
34
38
34
40
34
34
34
36
37
34
36
34
34
37
36
36
36
35
36
34
37
36
36
35
34
34
34
36
36
36
39
35
38
35
34
34
35
34
34
34
34
34
34
38
40
34
40
34
35
34
36
34
35
34
36
35
34
35
35
40
34
34
36
34
34
34
35
34
38
37
34
37
34
35
34
42
34
36
36
36
35
34
34
34
35
36
34
34
34
36
34
34
37
34
34
35
36
37
34
34
34
34
34
36
35
35
34
36
34
34
34
34
35
40
35
34
36
37
34
35
34
34
34
44
34
35
36
34
36
34
37
35
35
36
34
34
36
49
34
38
34
36
34
34
34
34
34
35
34
35
34
34
35
34
37
35
34
34
42
34
36
34
35
34
34
34
40
34
34
34
34
36
34
34
34
34
38
36
36
34
34
34
36
34
35
36
35
34
34
34
34
34
35
34
34
34
39
34
35
35
34
35
35
34
34
36
34
34
35
34
34
34
35
36
34
35
35
37
34
38
34
34
35
34
38
39
34
34
32
34
35
36
35
34
32
36
36
34
35
34
34
34
36
34
34
34
34
34
34
35
34
34
34
34
42
32
37
35
35
35
35
34
35
36
34
34
34
34
34
34
34
34
35
34
34
35
34
34
34
34
34
34
37
35
34
42
34
34
34
34
38
34
36
34
35
34
35
34
34
36
35
34
34
34
34
34
34
34
35
34
34
35
35
35
34
34
34
34
36
43
34
34
34
34
35
34
34
35
34
32
35
36
36
34
35
35
34
36
34
34
34
34
34
32
34
34
37
34
35
34
34
35
34
34
34
35
34
34
34
36
34
34
34
34
36
35
35
37
35
36
34
37
34
34
34
35
34
34
34
34
34
34
35
34
34
34
34
34
34
34
34
34
35
34
34
34
35
34
34
34
34
34
34
34
42
33
34
33
34
36
37
32
34
34
35
34
38
34
40
34
34
34
34
34
35
35
34
34
34
34
36
34
34
36
34
34
34
35
35
36
36
34
35
34
34
36
35
34
34
34
34
36
34
37
36
34
34
35
36
34
34
34
34
34
34
34
35
34
36
34
34
36
36
34
34
34
34
34
34
34
34
36
34
34
34
34
34
35
34
34
34
34
34
34
35
35
34
34
34
34
34
34
34
34
34
34
34
32
34
34
34
34
34
35
38
34
34
34
38
34
32
34
32
38
34
35
36
32
34
35
32
34
34
35
33
35
32
34
35
34
35
34
37
34
32
34
34
37
34
35
34
34
35
35
36
36
35
36
38
35
36
34
34
35
34
34
34
34
34
35
34
34
34
35
34
36
36
34
34
35
36
34
35
36
36
35
36
40
34
35
34
37
34
34
34
34
34
34
34
34
36
34
34
34
34
34
34
34
34
34
34
34
34
34
34
34
35
37
34
35
34
34
35
34
34
36
34
34
34
34
37
34
34
35
35
34
34
34
38
34
36
36
36
34
34
36
34
34
36
34
34
36
34
34
34
34
34
34
34
40
39
34
34
34
36
34
34
36
35
34
34
34
34
35
34
34
34
34
34
42
34
34
32
32
34
34
32
32
32
32
32
32
32
32
36
32
32
32
32
32
35
34
34
34
33
32
32
32
34
32
32
32
32
32
32
33
32
36
32
36
32
34
33
32
32
32
32
32
32
36
32
32
32
34
32
32
33
32
32
34
34
36
35
36
32
34
33
34
34
34
36
34
34
34
36
34
34
34
34
34
34
36
34
34
34
34
34
34
36
34
34
34
34
34
34
34
34
42
34
34
34
34
35
34
34
35
32
32
34
32
34
39
34
35
36
35
32
32
32
32
33
32
32
43
32
32
32
34
32
32
32
32
32
34
40
32
36
34
33
34
32
36
33
34
34
32
32
32
32
32
32
33
32
32
32
32
32
32
32
32
32
32
32
35
32
32
32
32
32
32
33
32
32
32
32
32
32
32
32
32
32
32
33
32
36
33
33
32
33
32
34
32
32
33
32
32
32
32
33
32
32
33
32
34
32
32
32
32
32
32
32
38
32
32
32
32
33
34
32
32
32
33
32
32
32
34
32
32
32
32
32
32
32
34
32
32
32
35
32
32
32
32
33
35
34
32
32
32
32
32
32
32
32
32
32
32
32
32
32
32
32
32
32
32
32
32
32
32
32
32
38
32
32
32
32
32
32
32
36
36
32
35
32
34
32
32
34
32
32
33
32
32
32
33
32
33
32
32
32
32
33
32
32
32
32
32
32
32
32
32
32
32
32
34
32
32
32
32
32
34
32
32
32
32
36
32
33
32
32
34
34
42
32
32
32
32
32
32
32
34
32
33
32
32
32
32
32
34
32
32
32
32
32
32
34
34
33
32
32
32
32
34
33
32
32
32
32
32
32
33
32
36
32
32
32
32
32
32
36
32
33
33
32
32
32
32
34
32
32
32
32
32
32
32
32
32
32
32
32
32
32
32
34
32
32
32
32
32
32
40
32
34
32
32
32
32
32
32
32
32
32
32
32
32
32
35
32
32
33
32
32
32
32
32
32
32
32
32
32
32
36
32
32
33
32
32
32
32
33
32
32
32
32
32
32
32
33
32
32
33
32
32
32
34
32
33
32
34
32
32
32
32
32
32
32
32
32
32
32
32
32
32
32
32
32
32
32
32
32
32
32
32
32
32
32
32
32
34
32
32
32
32
33
32
32
32
32
33
32
32
34
32
32
32
32
32
32
32
32
32
32
32
32
32
32
33
32
32
32
32
36
32
32
32
32
32
33
32
32
32
35
32
32
32
32
34
32
32
32
32
32
32
32
33
32
33
32
33
33
32
32
32
34
32
32
32
33
36
32
32
32
32
33
32
34
34
32
34
32
33
32
32
32
32
32
32
32
32
34
34
34
32
34
32
32
32
32
33
32
33
34
32
33
34
32
32
32
32
32
32
32
32
33
33
32
32
32
32
32
32
32
33
32
32
32
32
32
32
32
32
32
33
32
32
32
32
32
32
32
32
32
32
32
32
32
32
32
35
32
32
32
34
34
32
34
32
32
32
32
32
32
32
32
32
32
33
32
32
32
32
32
32
34
32
32
32
32
32
34
33
32
34
32
34
32
32
32
32
34
32
32
33
32
32
32
32
34
32
32
32
32
32
32
33
34
32
32
32
32
32
32
32
33
33
33
32
32
32
32
32
32
32
32
32
38
33
32
32
32
32
32
32
33
32
32
32
32
32
32
32
32
32
32
32
32
32
34
32
32
32
32
32
33
32
32
32
32
32
32
32
32
32
32
32
32
32
32
32
32
32
33
32
33
32
32
32
32
32
32
32
32
32
32
32
32
32
32
32
32
32
32
32
32
32
32
32
32
35
32
32
32
32
32
32
32
32
32
32
32
32
36
33
32
33
35
33
32
32
32
34
32
32
32
36
33
32
32
32
32
32
34
32
33
32
32
32
33
32
32
32
33
32
32
32
32
32
33
32
32
32
32
32
32
34
32
34
32
32
32
32
32
33
32
33
32
33
32
33
32
32
32
32
33
32
32
32
32
32
32
33
32
32
32
32
38
32
34
32
32
34
32
32
32
32
32
32
32
32
32
32
32
32
32
32
32
32
32
32
32
32
33
32
32
32
32
32
32
32
32
32
32
34
36
34
32
32
32
32
32
33
32
35
32
32
33
32
34
32
33
32
33
32
32
34
33
32
32
32
32
32
32
32
34
32
32
32
33
32
32
33
32
32
32
32
32
32
33
32
32
32
32
32
34
32
32
32
32
32
32
32
32
32
32
32
32
32
32
32
32
35
32
32
32
32
32
32
34
32
32
32
32
32
32
34
32
32
32
32
32
32
32
32
32
32
32
32
32
32
32
33
32
32
35
32
32
32
33
32
32
32
32
32
33
34
32
32
34
32
32
33
33
34
32
32
32
32
37
34
32
34
38
32
32
33
32
32
32
32
34
32
32
32
32
32
32
32
32
32
32
33
32
33
33
32
32
33
32
32
32
33
35
32
32
32
32
32
32
32
33
32
32
32
32
34
32
32
32
32
32
32
32
32
34
32
32
33
32
32
32
34
32
32
32
32
32
32
32
32
32
32
32
32
34
32
32
32
32
32
32
33
34
34
32
32
32
32
32
32
32
32
33
32
32
32
32
34
35
32
34
32
34
32
32
32
32
32
32
32
32
32
32
33
32
34
32
32
32
32
32
32
33
32
32
34
32
32
32
32
34
34
32
32
32
33
32
32
32
32
32
33
32
32
32
32
32
32
32
32
32
32
32
32
32
32
34
32
33
32
33
32
32
32
32
33
32
32
32
32
34
32
32
32
32
32
32
38
32
32
32
32
32
32
32
32
32
32
34
32
32
33
32
33
32
32
32
32
33
40
32
32
38
32
32
32
32
32
32
33
32
32
32
32
32
32
33
34
32
32
32
33
32
32
32
32
32
32
34
32
38
32
32
32
32
32
32
32
32
32
32
32
33
32
32
32
32
34
32
32
32
34
34
34
32
32
32
32
32
32
32
32
32
32
32
32
32
32
32
32
32
32
32
32
33
32
32
32
32
32
32
32
32
32
32
32
32
32
32
32
32
32
32
32
32
32
32
32
32
33
32
32
32
32
34
32
32
38
32
32
32
34
32
32
32
32
32
32
32
32
32
32
33
33
33
32
32
32
32
32
32
32
32
32
34
32
32
32
32
32
32
34
32
32
32
32
32
33
32
34
32
43
32
32
38
33
32
32
32
32
32
32
32
33
32
34
33
33
32
32
34
32
32
32
32
32
32
32
32
32
32
33
34
32
32
32
32
34
34
33
32
32
32
32
34
32
32
32
32
33
32
32
32
32
32
32
32
32
32
34
32
32
32
32
32
32
32
33
32
32
32
32
32
32
34
32
32
32
32
32
32
32
32
32
32
32
34
33
32
32
32
32
32
32
32
34
33
32
32
33
32
32
32
32
32
32
32
32
32
32
32
32
32
32
32
32
33
32
32
32
32
32
32
32
33
33
32
32
32
32
32
34
32
33
32
34
32
34
32
32
33
32
32
32
32
32
32
32
32
34
32
32
32
32
32
32
32
32
32
32
34
34
32
32
32
32
32
32
32
32
32
32
32
32
32
33
32
35
32
33
32
34
32
32
32
32
32
32
32
32
32
33
32
32
32
32
32
32
32
32
32
33
32
32
32
32
34
32
32
32
32
34
32
34
32
32
32
32
32
32
32
33
32
32
32
32
33
32
32
32
33
32
32
32
32
32
32
32
32
32
32
32
35
32
32
32
32
32
32
32
32
32
34
32
32
32
32
33
32
34
32
32
33
32
32
34
32
32
32
32
39
32
34
32
32
32
32
32
32
32
32
34
32
32
32
32
33
32
32
32
33
32
33
32
32
32
32
32
33
32
32
32
32
35
32
32
32
32
32
32
32
32
33
33
32
32
32
32
32
32
34
32
32
32
32
34
36
32
32
32
32
32
32
32
33
32
32
32
32
40
32
32
34
32
33
32
32
32
33
32
32
32
32
34
32
32
32
32
34
34
32
32
32
34
40
32
33
32
32
33
32
32
32
32
32
32
32
32
38
32
32
32
32
32
30
42
32
32
32
32
32
32
32
34
32
38
32
32
32
32
32
32
32
32
33
32
32
32
34
32
32
32
36
33
32
32
32
32
32
32
34
32
32
32
32
32
32
32
32
32
34
33
32
32
32
32
32
32
33
32
32
32
32
32
32
32
32
32
32
32
32
32
32
32
32
33
32
32
32
34
32
32
32
32
32
32
32
32
33
34
32
32
32
34
32
32
36
32
32
32
32
32
32
32
32
33
33
31
32
32
33
32
32
32
32
32
33
32
32
32
32
33
37
32
36
32
32
32
32
32
32
32
32
32
32
32
34
32
32
32
33
32
35
30
32
32
32
32
34
32
32
32
36
32
32
32
32
32
32
33
32
33
32
32
32
32
33
32
32
39
34
32
32
32
32
32
31
33
32
32
32
32
32
34
32
32
32
32
32
33
32
32
32
32
32
32
32
34
32
32
33
32
32
32
32
32
30
34
32
33
32
32
35
32
33
32
32
32
33
38
32
32
32
33
32
32
32
32
30
33
32
30
32
30
32
30
30
33
30
33
34
32
32
32
32
32
32
32
32
32
32
32
32
32
32
32
32
34
32
32
32
32
32
32
32
32
32
32
32
32
32
32
33
32
32
32
32
32
33
32
33
32
33
32
32
32
30
32
30
32
32
30
32
32
34
40
32
32
32
32
32
34
32
32
32
32
32
36
32
32
32
36
32
32
36
35
32
32
32
32
32
32
32
32
32
34
32
32
32
32
33
32
32
32
32
32
32
32
32
32
32
36
32
32
34
32
32
32
34
32
32
34
32
32
32
32
34
32
32
32
32
32
32
33
30
32
33
32
30
32
32
32
32
30
32
30
32
32
32
32
32
32
32
32
32
32
32
32
32
34
32
32
32
32
32
32
30
32
32
32
32
33
32
32
32
32
32
32
32
32
32
32
32
32
32
32
32
34
32
34
32
34
32
30
32
30
30
31
30
32
30
33
30
32
32
32
32
35
30
30
33
32
38
32
33
37
32
32
32
30
32
32
32
32
32
34
32
32
32
33
32
32
33
33
32
33
34
32
34
32
32
32
32
32
32
34
32
32
32
32
32
33
32
32
30
33
32
34
30
35
32
32
32
30
30
33
32
30
33
34
32
32
32
32
32
32
34
32
32
33
32
30
33
30
34
32
32
32
33
32
32
33
32
32
32
32
32
32
32
32
34
32
33
33
32
32
34
32
34
32
32
32
37
32
32
32
32
32
32
32
32
32
30
38
33
34
32
32
30
30
32
32
32
30
30
33
32
32
33
30
30
30
30
32
33
31
32
32
32
32
33
32
33
32
32
32
32
32
33
32
32
32
32
32
32
32
32
33
32
32
32
32
32
32
32
32
32
32
32
32
32
32
32
32
32
34
34
32
32
32
32
33
32
32
32
32
32
32
32
32
33
32
32
32
34
32
33
33
32
32
32
32
32
32
32
32
32
32
32
32
34
32
32
32
32
32
32
32
32
32
32
32
32
32
38
32
32
32
34
32
30
34
32
32
32
33
32
32
32
32
32
32
32
32
32
32
30
34
31
32
30
32
30
33
32
32
32
30
30
30
32
34
32
32
32
32
33
32
32
32
33
33
32
32
32
32
32
32
32
36
32
32
32
32
32
32
32
32
32
34
30
34
32
36
32
30
32
32
32
32
32
32
32
32
32
32
32
34
33
32
32
32
32
34
32
34
32
33
32
32
32
34
32
32
30
32
30
32
36
35
32
34
33
32
40
32
30
32
36
32
30
32
32
32
32
34
30
32
33
32
30
32
32
32
32
32
32
32
34
32
32
32
30
32
35
32
32
32
32
30
30
31
32
30
32
30
30
32
32
32
33
32
32
30
32
32
32
32
32
32
32
32
32
32
32
32
32
32
32
32
32
32
32
32
33
32
32
32
32
32
32
32
30
32
32
32
32
32
34
32
32
32
32
43
32
32
32
32
32
32
32
32
40
32
32
32
33
32
32
34
33
34
32
32
30
30
32
32
33
30
30
34
32
33
32
30
30
32
30
32
30
32
31
30
32
30
30
33
33
32
32
32
32
30
30
32
32
32
32
32
32
32
33
32
30
32
30
30
32
30
32
30
32
32
32
30
34
32
30
34
30
30
30
32
30
30
32
30
31
30
30
30
30
32
30
30
32
30
34
32
32
32
32
32
32
32
32
32
32
30
30
30
30
31
30
30
30
30
31
30
31
32
40
30
32
30
30
30
30
30
30
30
30
32
31
32
30
39
32
30
30
30
30
32
31
30
30
30
30
30
32
30
30
30
32
32
30
30
32
31
31
30
30
30
30
30
31
30
32
30
30
30
30
30
30
30
30
30
30
30
30
30
30
30
32
30
30
30
30
30
31
31
30
30
30
30
34
30
31
31
30
30
32
32
30
30
30
30
30
31
30
30
30
30
30
30
30
31
30
34
30
30
31
30
30
30
30
30
30
32
30
30
30
30
30
30
30
30
30
30
30
30
30
30
30
30
30
30
30
31
30
30
32
30
30
30
30
30
30
30
30
30
30
30
30
30
30
30
30
30
30
30
30
30
30
32
30
31
30
30
30
30
30
30
30
30
28
31
32
30
30
30
32
30
32
30
32
30
30
32
30
34
30
30
30
30
31
31
30
30
30
30
31
30
31
30
30
30
30
30
30
30
30
30
32
32
30
32
30
30
30
30
30
30
36
30
32
30
30
30
31
30
30
30
30
30
30
30
30
30
30
30
30
36
30
32
30
31
30
30
30
35
30
30
31
31
30
30
31
30
34
32
32
33
32
30
32
33
34
32
30
32
33
34
32
32
30
30
32
30
30
34
30
30
30
30
30
32
30
34
32
32
32
30
30
30
30
30
30
30
30
31
30
30
30
30
30
30
30
32
31
30
30
31
30
30
30
30
36
30
34
32
30
30
30
30
32
30
32
31
32
31
30
30
30
30
30
30
30
30
30
30
30
30
30
32
30
31
30
30
30
31
30
30
30
30
30
30
30
30
34
30
30
30
32
30
30
30
31
30
31
31
30
30
30
31
30
30
30
30
30
30
30
30
30
30
30
30
31
30
30
31
31
31
31
30
30
30
30
30
30
30
30
30
30
30
30
30
30
31
30
30
31
30
32
30
30
30
30
30
30
30
30
30
31
30
30
30
30
30
30
30
30
30
30
30
30
30
30
30
30
30
30
32
30
30
30
30
32
30
30
30
30
30
30
32
30
30
30
30
30
30
30
30
30
31
32
30
30
30
30
30
30
30
30
30
30
30
31
30
32
30
30
30
30
30
30
30
36
30
32
30
30
30
30
30
30
30
30
30
30
30
30
30
30
30
30
31
30
30
30
30
32
30
30
30
30
30
30
30
30
30
36
32
30
31
30
30
32
30
30
30
30
33
30
31
30
30
30
30
30
31
30
30
30
30
30
30
30
32
30
30
31
31
30
30
30
30
30
30
30
30
30
30
31
30
30
30
30
32
30
30
30
30
30
30
30
30
30
30
30
30
30
32
30
31
30
34
35
32
31
30
31
34
30
31
30
30
30
30
30
30
30
30
31
30
31
31
31
31
31
30
30
30
30
31
30
30
30
30
30
30
30
30
30
32
30
30
30
30
30
32
30
30
30
30
30
38
30
32
30
30
30
30
30
30
30
30
30
30
30
30
30
31
32
30
30
30
30
30
30
31
30
30
30
30
30
30
30
30
32
30
30
30
30
31
32
30
30
30
30
30
30
30
32
31
30
30
30
30
30
30
30
31
30
31
30
32
30
30
30
30
30
30
32
30
30
30
30
30
34
30
30
30
30
30
30
30
30
30
30
31
30
31
30
30
32
30
30
30
30
30
32
30
30
30
30
30
30
30
30
30
30
30
30
30
30
30
30
30
30
30
30
30
30
32
30
30
30
30
32
30
30
30
30
30
32
30
30
31
30
30
32
30
30
30
30
30
30
30
30
30
30
30
30
30
30
28
30
31
30
31
30
30
30
30
30
30
32
32
30
30
30
34
30
30
30
30
30
30
30
31
35
30
31
30
30
30
30
30
30
30
30
31
31
30
30
32
30
30
30
30
30
30
30
30
30
30
30
30
30
30
30
30
30
32
32
30
30
30
30
30
31
30
30
30
30
31
31
30
30
32
30
31
31
30
30
30
32
30
30
30
32
30
30
32
30
31
30
30
32
30
30
31
30
30
30
30
30
30
30
30
30
30
30
30
30
30
30
30
32
30
30
30
30
30
30
30
30
30
30
32
30
32
33
30
30
30
30
30
30
30
30
30
30
30
30
32
30
30
30
31
30
30
30
30
30
31
30
32
30
30
31
30
30
30
30
30
30
30
32
30
30
33
30
30
31
31
30
30
32
31
30
30
31
31
30
30
30
38
30
30
30
30
32
30
30
30
30
30
30
30
30
32
30
30
31
30
30
30
31
30
30
30
30
30
30
30
30
32
32
30
30
30
32
30
30
30
32
30
30
30
30
30
30
31
30
30
30
30
30
30
30
30
30
30
30
30
30
30
31
30
30
30
30
30
30
30
31
30
30
33
30
30
30
30
30
30
30
30
30
30
33
30
30
30
30
30
30
30
31
30
30
30
31
30
31
31
30
32
30
30
30
30
31
30
32
30
30
30
30
31
30
30
30
30
32
31
30
30
30
30
30
30
30
30
30
31
30
30
30
30
30
30
30
32
30
35
31
32
30
32
30
30
30
30
32
30
30
30
30
30
30
31
30
32
32
30
30
30
30
30
31
30
30
30
30
31
30
34
30
31
30
30
31
31
30
30
30
30
32
30
30
31
30
30
30
30
30
30
30
31
30
30
30
32
30
31
30
30
30
30
30
30
30
30
30
32
30
30
30
32
30
31
30
30
31
30
30
30
30
30
30
31
31
32
30
30
30
30
31
30
31
32
30
33
30
31
30
30
31
30
30
30
30
30
30
32
30
30
31
30
31
30
30
30
30
31
30
30
30
30
30
30
31
30
32
30
30
30
30
32
30
30
30
32
28
30
32
30
31
31
30
30
30
30
30
32
30
30
30
30
31
30
30
30
30
31
30
30
30
30
30
30
30
30
30
31
30
30
30
32
32
30
30
32
30
32
31
30
32
31
31
30
32
30
30
32
30
30
30
30
30
30
30
30
30
30
32
30
30
31
30
32
30
30
30
30
30
32
30
30
30
30
30
30
32
31
32
30
30
30
30
30
30
28
30
28
30
31
30
30
30
30
28
30
30
30
30
30
30
30
30
30
30
29
30
28
30
30
30
30
29
28
30
30
30
30
30
30
30
30
30
28
33
30
30
30
30
32
31
30
30
30
30
30
30
31
30
30
30
30
30
30
30
30
31
31
34
38
30
30
30
30
32
31
30
30
30
30
30
31
30
30
30
32
30
30
30
30
30
30
30
30
30
30
31
30
30
30
30
30
30
30
30
32
30
30
30
30
30
30
30
30
30
30
30
30
30
30
30
30
30
30
30
30
30
30
30
30
30
30
30
30
30
30
30
30
30
32
30
30
30
34
30
28
30
30
32
32
30
30
30
30
32
30
30
28
30
32
30
30
30
30
31
30
30
30
30
30
30
32
30
30
32
30
30
30
30
30
30
30
32
30
30
30
30
30
30
31
30
30
30
30
31
30
30
30
30
30
30
30
31
30
30
30
30
30
30
30
30
30
30
30
30
30
30
30
30
28
31
30
30
30
32
30
30
30
30
30
30
28
30
30
30
30
32
32
28
30
30
30
28
33
30
30
30
30
30
30
30
28
31
30
28
31
31
30
30
30
30
30
30
33
31
30
30
38
30
30
30
32
34
30
30
30
30
30
30
31
32
30
30
30
30
30
30
30
30
30
31
30
36
30
30
30
30
30
28
30
31
30
30
30
32
32
30
30
30
28
30
30
30
30
30
30
30
37
31
30
30
30
30
30
30
30
30
30
30
30
30
30
30
34
30
30
30
30
30
30
30
30
30
30
30
30
30
34
30
32
28
30
30
30
30
30
30
30
30
30
30
30
30
28
28
34
30
28
30
28
30
28
28
28
28
30
28
28
32
29
28
28
30
30
28
30
30
30
30
30
30
30
30
30
30
30
30
30
30
30
31
30
30
30
30
30
30
30
30
30
30
30
30
34
30
30
30
38
30
30
30
30
30
30
30
30
30
30
30
30
30
31
30
30
30
30
30
36
30
30
30
30
33
30
31
30
30
30
30
30
30
31
30
30
30
30
30
30
30
30
30
30
30
30
30
30
30
30
30
30
30
30
31
31
30
30
30
30
30
30
28
31
31
30
30
30
31
30
30
28
32
30
30
30
30
30
30
30
30
30
30
28
28
28
28
30
30
30
28
28
30
31
30
31
30
30
31
30
30
30
30
30
30
30
30
30
30
30
30
30
31
31
30
31
30
30
30
30
30
30
30
30
30
30
30
30
34
30
32
31
30
32
32
30
30
30
30
30
32
32
31
30
30
30
30
31
30
30
30
32
30
30
30
30
30
30
30
30
30
31
30
30
30
30
30
30
31
30
30
30
30
30
30
30
30
30
31
30
32
30
32
30
31
30
30
30
30
32
30
32
31
30
31
32
30
30
30
30
30
30
30
31
30
30
30
30
30
30
30
30
29
30
30
32
32
30
30
33
30
30
30
30
30
31
30
30
28
30
30
31
30
30
31
29
28
30
30
28
28
28
30
30
30
30
30
30
30
30
30
30
30
30
30
30
30
30
30
32
30
30
30
30
30
32
30
28
30
30
30
30
31
30
30
34
30
30
30
30
30
30
30
30
30
30
30
30
30
28
30
30
30
30
30
30
30
30
28
30
30
31
30
30
30
28
30
30
30
30
30
32
31
30
34
28
32
30
30
30
30
30
28
30
30
30
28
30
30
30
30
30
30
30
30
30
30
30
30
31
30
32
30
28
30
31
30
30
28
30
31
31
30
28
30
30
30
30
30
31
32
30
28
30
30
30
30
30
32
30
30
31
30
31
30
30
30
30
30
30
30
30
30
30
32
30
30
32
30
32
30
30
30
30
30
30
30
30
30
30
30
30
30
30
30
30
30
32
30
30
30
30
30
32
30
30
30
34
30
28
30
30
32
28
30
30
28
28
28
30
28
28
30
28
28
28
32
30
28
30
28
30
30
28
28
28
28
28
28
28
28
30
28
28
28
28
28
28
29
28
30
28
30
28
28
28
30
28
28
28
30
28
28
30
28
29
28
29
28
28
28
28
28
28
28
28
28
29
28
29
28
30
28
28
28
29
29
28
30
30
30
30
30
30
30
30
32
29
30
30
30
32
30
30
30
30
30
30
30
31
30
30
30
30
30
34
30
36
30
28
30
30
31
30
30
30
30
30
32
34
30
40
30
30
30
30
30
30
31
31
31
30
30
30
30
30
30
32
28
36
30
30
32
28
30
28
30
28
32
28
30
34
32
28
30
28
28
30
28
28
28
32
30
30
30
29
28
28
30
28
28
29
28
28
29
28
29
30
28
28
28
30
28
28
28
28
28
28
29
32
32
39
28
28
30
30
30
30
30
28
30
32
28
30
28
28
30
28
28
29
31
28
28
28
30
28
32
32
29
28
30
28
28
28
28
28
28
30
28
30
30
28
28
29
28
28
28
28
30
30
30
28
28
28
28
30
30
28
28
28
30
30
29
30
28
30
28
30
28
28
28
28
30
30
28
28
28
30
28
28
32
28
30
30
28
30
28
29
28
30
30
28
28
28
30
28
28
28
28
30
30
28
28
30
28
30
28
30
30
29
28
28
28
28
28
28
28
31
28
32
30
28
28
28
29
30
28
28
28
28
30
28
28
28
28
28
29
28
29
28
28
28
28
28
28
28
28
28
28
28
28
28
28
29
30
28
28
28
28
30
28
28
31
28
28
28
28
28
28
28
28
30
28
28
30
28
30
28
30
29
32
28
28
28
28
28
28
29
36
28
28
28
28
28
28
28
29
28
28
30
28
29
29
28
28
28
31
28
28
28
29
28
28
28
29
28
28
28
28
28
28
28
28
28
32
28
28
28
28
28
28
29
28
28
28
28
28
28
28
28
28
28
28
29
28
28
28
28
28
28
28
28
28
28
28
30
28
28
28
28
28
30
28
28
28
28
28
28
28
28
28
29
33
28
28
28
28
30
28
28
28
28
28
28
28
33
28
28
28
28
28
28
28
28
31
28
30
28
28
28
28
28
28
28
28
28
31
28
28
28
28
28
28
28
28
28
28
29
28
28
28
28
28
28
30
28
28
28
28
28
28
28
28
28
28
28
28
28
28
28
28
28
28
28
29
28
28
28
28
28
28
29
30
28
28
28
28
30
28
28
28
28
28
28
28
28
28
28
28
28
28
28
28
29
28
28
28
29
28
28
28
28
28
28
28
28
32
28
28
28
28
28
28
32
28
28
28
28
36
28
28
30
32
28
28
29
31
29
28
28
31
28
28
28
28
28
28
28
28
28
29
28
28
28
28
30
28
28
28
28
29
28
28
28
28
28
28
28
28
28
30
28
28
28
28
28
28
28
28
29
28
28
28
28
28
28
30
28
28
28
28
28
28
28
28
28
28
28
28
28
28
28
28
28
29
28
28
28
28
28
30
29
28
28
28
28
28
29
30
32
29
28
28
30
29
28
28
28
28
30
28
28
28
28
29
28
28
28
28
28
28
28
28
30
29
28
28
28
28
28
29
28
29
28
28
32
28
28
28
30
28
28
28
28
29
29
28
28
28
28
28
28
28
28
28
28
29
32
28
28
30
28
28
28
28
28
28
28
28
29
29
28
28
32
29
28
29
28
28
28
28
29
28
28
28
30
28
28
28
30
28
28
28
28
28
30
28
28
29
28
28
28
29
36
28
28
28
28
28
28
28
28
28
28
28
29
28
28
28
34
30
28
28
30
29
28
28
28
28
28
28
28
28
29
28
29
28
28
29
29
28
28
28
28
29
28
28
28
28
28
28
29
29
28
28
28
29
28
28
28
28
30
29
29
28
28
28
28
28
30
28
28
28
28
28
28
28
28
30
28
28
28
28
28
28
28
28
28
28
28
30
28
30
28
28
28
28
28
28
28
28
28
30
30
28
28
29
28
28
28
28
30
28
28
28
28
28
28
28
32
28
28
28
28
30
28
28
28
30
28
28
30
29
28
28
28
29
28
38
28
28
28
28
29
28
28
28
28
31
28
30
28
28
28
28
28
28
28
28
28
28
31
28
28
30
28
30
28
28
28
29
28
28
28
29
28
28
28
28
28
29
28
28
28
30
28
28
30
28
28
29
28
28
28
28
28
32
28
28
28
28
28
28
28
28
28
29
28
28
30
28
28
28
28
30
28
28
28
28
28
28
28
28
28
29
29
28
28
28
30
30
28
28
29
28
28
28
28
29
28
28
28
28
28
28
28
28
30
30
28
28
28
29
28
28
28
29
28
28
28
28
28
29
28
28
28
33
28
28
28
28
28
28
28
28
30
28
28
30
30
28
31
29
28
28
28
28
28
28
28
28
32
28
28
28
28
29
30
28
28
28
28
28
28
28
30
28
28
30
28
29
29
28
28
28
28
28
28
28
30
28
30
28
29
28
28
28
28
28
28
28
28
28
28
28
29
28
28
28
28
32
28
28
28
28
28
28
28
28
29
28
28
28
32
28
28
28
28
28
28
28
28
28
28
28
28
29
28
35
29
34
28
28
28
28
28
28
28
28
28
28
28
28
28
28
28
28
29
28
28
28
28
28
28
29
28
28
28
28
30
28
28
29
28
28
29
28
28
29
28
28
28
29
28
28
28
30
29
28
28
30
28
30
28
28
28
29
28
28
29
29
28
32
28
28
28
28
28
28
28
28
29
28
30
28
38
28
28
28
28
29
29
28
28
30
30
28
28
28
29
29
32
28
28
28
31
28
28
28
28
28
28
28
28
28
28
28
29
30
28
30
29
28
28
28
28
28
31
28
28
28
28
28
28
28
28
28
28
29
28
28
28
28
29
29
28
28
29
28
28
36
28
28
30
28
28
29
28
30
29
28
28
30
28
28
28
30
28
28
28
28
28
28
28
31
28
28
28
28
28
28
28
28
29
28
28
28
30
28
29
28
28
29
29
28
29
29
36
28
28
28
28
28
28
28
28
28
28
28
28
28
28
28
28
28
28
28
28
28
28
28
28
28
28
28
28
28
30
28
28
28
28
28
28
28
28
28
28
29
28
30
30
28
30
28
28
28
28
28
28
28
28
28
28
28
28
29
28
28
28
30
31
28
28
28
28
28
29
28
28
28
28
28
28
29
29
30
28
38
28
28
28
28
29
28
28
28
28
30
28
28
28
28
29
28
30
29
28
28
28
28
28
29
28
28
28
28
28
30
28
28
28
28
28
29
30
28
28
29
38
28
28
28
28
30
28
28
28
28
28
29
28
28
28
28
28
28
28
28
28
28
28
28
28
28
28
29
28
28
28
28
28
28
28
28
28
28
28
28
28
28
28
30
29
28
28
28
28
28
29
28
28
29
28
28
28
28
28
28
28
31
29
28
28
28
28
28
28
28
28
28
28
30
29
28
28
28
28
28
28
28
28
28
28
28
28
30
28
28
28
28
28
28
32
29
28
28
28
28
28
29
28
28
28
28
28
28
28
29
30
28
28
28
28
28
28
28
28
30
28
28
30
33
28
28
32
28
29
28
28
28
28
28
28
28
28
28
28
28
28
28
28
28
28
28
28
28
28
28
29
28
30
30
30
29
28
28
28
28
28
28
28
28
28
28
28
28
28
30
28
28
28
28
28
31
28
28
28
28
29
28
28
28
28
29
29
28
29
34
28
29
28
28
28
28
28
32
29
28
28
28
29
28
28
28
28
28
28
28
28
28
28
28
28
28
28
28
28
28
30
28
28
28
28
30
29
32
28
28
28
28
28
28
28
28
28
28
28
29
28
28
28
28
28
28
28
28
28
28
28
28
28
30
28
28
28
29
28
28
30
28
28
28
28
28
29
29
28
28
28
28
28
28
28
28
28
28
28
28
28
28
28
28
28
28
28
28
28
28
30
28
28
29
28
28
28
28
28
28
30
28
28
30
28
28
29
28
30
28
28
30
28
28
32
29
28
28
28
28
28
28
28
28
28
28
29
28
28
28
30
29
30
29
29
30
29
28
28
28
28
28
28
28
30
28
28
30
28
28
28
30
28
28
28
30
28
28
30
28
28
28
28
28
29
30
28
32
28
28
28
28
28
28
28
28
28
28
32
28
30
28
28
28
28
28
28
28
28
28
28
28
28
28
28
28
28
28
30
29
28
28
28
28
28
28
28
28
32
28
28
28
28
28
29
28
28
28
29
28
29
28
28
28
28
29
28
28
34
30
28
28
28
28
28
28
28
28
28
28
28
28
29
28
28
28
28
28
28
28
29
28
28
28
28
28
30
28
28
28
34
28
28
28
28
28
28
28
28
28
28
28
29
28
28
28
28
28
28
31
28
30
28
28
30
28
28
28
28
28
28
32
29
28
28
28
28
35
28
28
28
28
28
28
28
28
28
28
28
28
28
28
28
28
30
28
30
28
28
28
36
28
28
28
28
28
29
28
28
28
29
34
28
28
28
28
28
28
28
28
28
29
29
28
28
28
28
28
28
28
28
28
28
28
28
29
28
32
28
28
29
28
28
28
28
28
28
30
28
29
29
28
29
28
28
28
28
28
28
28
28
28
28
28
29
28
28
33
28
28
30
28
28
28
28
32
28
30
28
28
29
28
28
28
28
28
28
28
28
28
28
28
28
28
28
28
28
28
29
29
28
28
28
28
28
30
28
28
28
29
28
31
28
28
28
28
28
28
29
28
29
28
28
28
28
28
28
29
28
28
28
32
28
28
28
28
28
28
29
29
30
28
28
28
28
28
28
28
28
30
28
28
28
28
28
28
28
28
28
28
28
28
28
28
28
28
28
28
28
28
28
28
28
28
28
28
28
28
30
28
28
28
28
28
28
28
28
30
28
29
28
28
28
28
28
28
28
28
36
30
28
29
28
28
28
28
28
28
28
28
28
29
28
29
28
28
28
30
28
28
30
28
28
28
28
28
28
28
28
28
28
28
28
28
28
28
28
28
28
30
29
28
28
28
28
28
28
28
28
28
29
29
29
28
28
28
30
28
28
28
28
28
28
29
28
28
28
28
28
30
28
28
36
31
28
28
28
28
28
28
28
28
28
28
30
29
28
28
28
28
28
29
28
28
30
28
28
28
30
28
28
29
28
28
29
28
30
28
28
28
28
36
28
28
28
28
28
29
28
28
29
28
28
28
32
28
28
28
28
28
28
29
28
28
28
30
28
28
28
28
28
30
28
28
28
28
28
30
28
28
30
28
30
28
28
28
28
28
28
28
28
28
28
30
28
28
29
30
28
29
28
28
28
28
32
28
30
28
28
28
28
28
28
28
28
28
28
28
30
28
28
28
28
29
28
28
28
28
28
28
28
28
29
29
30
28
30
28
28
28
28
29
28
28
29
28
28
28
29
28
28
29
28
28
28
28
30
29
28
29
28
28
28
30
28
28
28
28
28
30
28
28
28
28
28
28
28
28
28
28
28
28
28
29
29
28
28
28
28
28
28
28
28
28
28
28
28
28
28
28
29
28
28
28
28
28
29
28
28
29
28
28
28
28
29
28
28
28
28
28
28
28
28
28
28
29
28
29
28
28
28
29
28
29
28
28
28
28
28
29
29
28
28
28
29
28
28
30
30
28
30
28
30
28
28
29
28
29
28
28
28
28
30
28
28
28
28
28
28
28
28
29
28
29
28
28
28
28
30
28
28
28
28
28
28
28
30
28
28
29
29
28
28
28
28
28
28
28
30
28
29
28
28
28
28
28
28
28
28
28
28
32
28
28
28
29
28
28
28
28
28
28
28
30
28
29
28
28
28
28
28
28
28
28
28
28
28
28
28
28
30
28
28
30
28
28
28
28
28
28
33
28
28
29
28
28
28
30
29
29
28
28
28
28
29
28
28
28
28
28
28
28
28
28
28
28
28
30
28
28
28
28
34
29
28
28
28
30
28
28
28
28
28
28
28
28
28
28
28
28
28
28
28
28
28
28
28
28
28
28
28
28
28
28
28
28
28
28
28
28
29
29
28
30
29
28
28
28
28
28
28
28
28
28
28
28
28
28
28
28
30
28
28
28
28
28
28
28
29
28
29
28
28
28
28
30
28
28
28
28
28
28
28
28
28
30
28
31
28
30
28
28
28
28
28
28
28
28
28
28
28
28
29
28
28
29
28
28
28
28
28
28
28
28
28
28
28
30
28
30
34
28
28
28
28
29
28
28
31
30
32
28
34
28
28
28
28
28
28
28
28
30
28
28
28
28
28
28
30
28
28
28
28
28
28
28
29
28
28
28
28
28
31
28
28
28
28
28
29
28
28
28
28
28
28
28
28
28
28
28
28
28
28
28
28
28
30
28
28
28
32
28
29
28
28
28
28
28
28
28
31
28
28
28
28
28
29
29
29
28
28
28
28
28
28
28
28
28
28
29
28
28
28
28
28
28
28
28
28
30
28
28
28
28
28
28
30
28
30
28
28
29
28
28
28
30
28
28
28
28
28
28
30
30
28
30
28
28
28
29
30
28
28
28
28
29
28
28
28
28
28
28
28
28
28
28
28
28
28
28
29
28
28
28
28
28
28
28
28
28
28
28
28
28
29
30
28
30
28
28
28
28
28
28
28
28
28
28
28
28
29
28
28
28
28
29
28
28
28
28
28
28
28
28
28
36
28
28
28
31
28
28
28
32
30
28
28
28
29
28
28
28
30
30
30
28
28
28
28
28
28
28
31
28
28
28
28
30
28
35
28
30
28
28
28
28
28
28
28
28
28
28
28
28
28
28
28
28
28
28
30
28
30
28
28
28
32
28
28
28
28
29
28
30
28
28
28
28
28
28
28
28
28
28
30
30
29
28
28
28
29
28
29
28
28
29
28
33
28
28
28
28
28
28
30
28
28
28
28
28
28
28
28
28
28
29
28
28
28
28
36
30
28
28
29
28
28
28
28
28
28
28
28
28
28
28
28
28
28
28
30
28
28
28
28
28
29
31
28
28
28
28
28
30
28
28
28
28
28
28
28
28
28
30
28
28
28
28
28
28
30
29
28
28
28
28
28
28
29
28
28
28
28
28
28
29
28
29
28
28
28
29
28
28
28
28
28
28
28
29
28
28
31
28
28
29
28
28
28
28
28
28
28
28
28
28
28
28
28
29
30
28
28
28
30
28
28
29
29
28
28
28
28
28
30
28
28
28
28
28
28
29
28
28
28
28
28
30
28
28
30
28
28
34
28
28
28
28
28
29
29
28
28
28
28
28
28
28
28
28
28
28
29
28
30
28
28
28
30
29
28
29
28
28
32
28
28
28
28
29
28
28
28
30
30
28
28
28
28
28
28
28
28
28
28
32
28
28
30
29
31
30
28
28
28
28
28
28
28
28
28
28
28
28
28
28
28
28
29
28
30
28
28
28
28
28
32
28
28
28
28
32
28
28
29
28
28
31
28
29
28
28
28
28
28
30
28
28
28
28
28
28
28
28
28
29
28
28
28
28
28
29
28
30
28
28
28
28
28
28
30
28
28
29
28
28
28
28
28
28
29
28
28
28
28
28
28
28
28
28
28
28
34
30
28
28
28
28
28
29
28
30
28
28
28
28
29
29
28
30
28
28
28
28
28
28
28
28
28
28
28
28
28
28
29
29
28
28
28
28
28
28
28
28
28
28
28
28
28
28
28
28
28
28
28
28
28
28
28
28
28
28
28
28
28
28
28
28
28
30
28
28
29
28
29
28
28
28
29
28
29
28
29
28
28
28
28
28
30
30
28
28
30
28
28
36
28
29
28
28
28
28
28
28
28
28
28
28
28
28
28
28
30
28
28
28
28
28
28
28
28
29
28
28
28
28
28
28
28
28
28
28
28
28
28
28
28
28
29
28
28
29
28
28
28
28
28
28
28
28
30
29
28
28
28
28
28
28
28
28
28
30
28
28
28
28
28
28
28
28
30
28
29
28
28
28
28
30
28
29
28
28
28
28
28
28
28
29
29
29
28
28
28
29
28
28
28
28
28
28
28
30
28
28
28
28
28
30
28
28
28
28
28
28
28
28
28
28
28
28
28
28
28
28
30
30
28
28
28
28
30
28
28
28
28
28
28
28
28
