-500
-500
-500
-500
-500
-500
-500
-500
-500
-500
-500
-500
-500
-500
-500
-500
-500
-500
-500
-500
-500
-500
-500
-500
-500
-500
-500
-500
-500
-500
-500
-500
-500
-500
-500
-500
-500
-500
-500
-500
-500
-500
-500
101
-500
-500
-500
-500
-500
-500
201
-500
-500
-500
-500
-500
-500
-500
117
-500
-500
303
283
-500
353
45
-500
-500
-500
-500
-500
-500
244
45
59
218
-500
-500
339
126
-500
329
272
282
307
-500
-500
134
-500
-500
183
-500
33
180
197
-500
-500
-500
-500
-500
-500
182
-500
-500
-500
355
-500
-500
131
-500
283
311
71
220
294
198
180
-500
-500
-500
-500
89
157
189
257
-500
-500
237
42
316
256
-500
-500
417
374
291
-500
196
-500
397
297
365
338
266
250
361
277
350
-500
321
207
-500
215
152
274
172
170
258
-500
266
317
402
-500
406
145
284
407
272
426
375
370
135
101
220
-500
416
292
-500
326
159
245
267
-500
-500
-500
-500
239
384
-500
120
-500
-500
26
262
-500
-500
-500
-500
29
212
-500
273
365
-500
-500
-500
193
254
385
166
171
-500
92
178
340
-500
339
309
310
174
-500
34
197
45
208
-500
-500
111
30
156
-500
159
302
-500
-500
304
165
351
33
125
-500
154
-500
304
379
-500
-500
30
105
145
-500
105
312
220
-500
123
431
215
-500
13
269
332
388
173
353
280
178
432
332
231
418
7
224
435
178
273
-500
175
355
342
420
-500
357
268
223
246
288
-500
264
416
399
384
286
-500
439
420
371
-500
427
319
397
393
397
318
415
347
325
-500
410
416
431
281
255
447
383
326
456
307
404
371
315
386
305
326
442
234
361
362
419
419
411
22
431
467
395
204
214
414
433
-500
408
413
357
393
384
417
454
446
420
381
383
395
381
431
421
357
430
455
446
393
418
433
433
439
402
437
449
394
461
456
414
455
424
454
384
393
451
431
389
447
447
428
397
384
407
458
446
443
392
409
419
437
443
448
439
452
427
433
465
391
407
271
389
414
444
420
464
442
422
424
462
444
431
375
402
461
427
454
453
449
429
437
448
458
433
427
355
450
435
452
457
419
458
419
427
395
452
457
465
418
440
452
418
449
455
457
428
455
435
378
436
431
410
428
466
460
463
423
456
441
425
441
430
456
454
435
450
346
434
401
442
392
446
446
442
443
452
438
453
465
444
416
446
439
456
445
462
447
462
457
462
453
436
449
466
447
452
454
454
455
446
437
453
454
443
441
449
466
465
394
458
451
316
453
435
455
442
302
447
427
452
456
427
450
450
463
453
469
460
460
463
466
187
461
458
445
443
465
271
462
466
464
379
458
458
463
430
454
446
453
429
458
461
442
462
462
440
461
453
464
424
446
443
456
448
444
462
436
461
453
444
433
463
452
448
446
459
439
439
447
439
463
454
439
430
459
451
458
444
451
453
466
455
461
403
431
464
457
444
454
460
464
451
446
461
462
446
453
403
356
464
462
417
389
461
451
456
398
442
435
462
453
443
448
457
356
461
459
322
435
433
462
426
410
450
207
457
392
461
457
327
464
451
373
448
367
378
436
398
235
338
447
456
307
358
434
456
455
105
458
436
71
458
443
366
363
382
417
254
199
247
389
93
408
408
377
272
440
193
445
444
434
460
455
459
346
454
434
419
461
454
447
322
405
423
421
416
418
186
422
443
441
448
462
455
447
457
446
445
462
441
416
441
396
-500
432
434
401
464
460
440
453
410
433
454
461
404
452
462
455
450
456
441
430
402
425
303
387
355
298
311
354
379
-500
196
285
24
351
290
421
460
453
441
351
457
457
261
439
428
410
193
383
208
457
453
459
461
447
460
461
462
450
448
387
430
388
453
445
442
405
418
460
438
422
461
448
435
458
458
456
458
464
455
450
455
455
455
438
460
456
447
456
462
462
461
457
460
443
438
427
454
464
458
461
449
464
460
456
457
443
462
440
445
463
464
452
461
417
458
458
457
462
462
464
464
437
464
464
463
459
463
461
464
449
449
464
462
460
463
421
453
453
459
461
460
460
458
447
458
461
461
459
462
463
462
462
455
462
462
459
464
445
462
461
464
459
460
459
437
441
446
412
464
464
450
459
459
454
414
460
462
462
460
449
464
462
449
464
446
464
461
459
462
453
434
452
464
458
462
431
456
461
460
459
462
462
463
450
447
444
453
455
462
462
461
464
459
448
461
462
460
458
460
443
414
458
460
461
460
448
458
462
452
459
458
451
462
448
449
462
458
461
458
456
453
450
463
463
461
456
462
464
461
460
459
451
462
461
460
436
463
462
460
462
460
460
462
462
462
459
462
461
464
456
462
464
458
460
448
462
460
456
461
462
461
458
459
462
462
457
462
456
461
460
445
454
409
461
452
459
456
457
397
383
426
371
441
462
434
462
459
451
462
454
456
461
449
462
460
458
452
461
462
462
456
405
460
462
462
454
396
380
459
388
461
457
462
458
97
200
452
459
462
453
395
394
456
447
460
461
457
462
461
458
456
306
281
320
459
452
458
459
460
461
462
462
458
435
434
459
460
448
460
461
-500
458
457
392
460
457
447
462
456
462
462
461
452
459
441
462
462
460
452
460
462
413
457
462
460
459
460
460
459
459
409
462
458
462
460
462
459
462
449
458
457
462
462
462
451
460
460
462
456
456
462
448
413
460
462
451
461
458
461
460
460
450
461
461
455
433
459
462
457
460
457
430
451
461
461
424
462
462
461
294
462
448
460
460
462
462
449
462
462
462
461
460
462
453
452
462
325
459
462
461
423
434
392
461
247
288
204
447
460
416
138
462
433
445
458
461
462
458
439
452
452
458
458
446
447
379
444
462
460
461
441
444
442
456
462
462
462
460
459
462
362
460
454
382
458
460
462
462
458
458
454
460
455
460
462
455
458
458
460
428
451
455
462
461
461
435
455
453
461
204
456
462
419
462
458
462
459
460
461
448
456
443
462
462
462
446
460
442
459
459
460
445
462
457
460
462
462
353
459
460
461
459
460
452
460
460
452
461
461
461
460
452
457
449
450
462
462
445
459
460
462
455
389
420
439
343
432
412
459
442
434
445
380
447
419
436
459
456
461
385
448
458
450
461
446
446
456
434
386
453
460
462
461
459
408
438
455
260
462
462
460
462
462
461
461
459
460
457
448
449
462
462
461
462
460
462
462
453
449
459
459
457
342
453
457
324
449
460
460
421
461
454
461
461
462
460
457
429
460
460
462
459
458
459
461
462
459
462
462
445
461
459
462
462
451
452
458
451
462
449
462
462
460
462
462
462
457
460
462
460
458
452
462
457
460
461
444
462
462
460
462
440
458
452
462
446
459
451
461
454
460
458
460
460
461
462
458
453
462
459
462
460
462
461
461
461
455
460
424
459
461
462
453
458
462
462
461
449
451
456
460
461
460
455
452
422
445
390
438
455
194
399
427
434
462
458
388
449
462
459
462
428
445
462
462
447
457
461
458
438
458
445
460
457
445
454
462
462
462
428
455
443
461
459
462
456
443
462
462
456
284
461
460
458
462
460
460
462
443
460
460
461
455
461
452
460
452
452
462
460
455
462
462
451
460
459
450
460
462
450
462
446
462
462
458
444
454
461
447
460
459
461
461
462
462
462
457
462
454
462
453
461
459
449
458
460
462
462
453
458
461
462
461
462
460
461
460
462
460
459
461
460
462
451
461
460
462
443
461
456
462
462
462
462
459
460
461
462
458
459
461
462
460
462
458
461
452
459
460
461
446
462
460
459
458
462
462
459
462
459
460
460
461
459
461
462
461
451
459
462
462
452
454
462
461
460
460
462
462
462
457
462
455
460
462
461
461
460
460
462
460
460
460
458
462
462
459
462
458
462
459
462
461
460
456
460
459
459
462
461
442
462
456
458
450
460
426
419
460
449
461
459
462
462
450
460
460
454
462
459
459
460
461
462
462
462
461
462
462
462
462
454
462
460
460
459
449
458
462
462
456
462
458
462
462
460
462
462
461
460
462
460
458
461
458
462
461
459
462
462
450
460
462
458
460
460
461
461
462
461
459
462
458
458
460
461
454
459
458
452
462
462
460
462
462
461
462
460
451
460
462
459
462
460
460
455
456
462
461
462
459
454
461
448
462
461
462
460
462
460
461
462
461
461
461
462
458
457
459
462
451
461
460
458
462
458
460
462
462
461
455
453
458
460
462
462
459
459
462
462
458
452
462
462
460
461
462
460
462
462
464
460
462
462
462
460
449
458
464
462
462
457
461
462
462
458
460
461
459
461
462
462
450
460
459
461
462
464
460
460
464
460
462
461
461
461
462
462
462
461
462
462
462
457
461
462
459
460
462
462
459
462
462
462
462
460
456
461
461
459
462
461
462
462
460
461
461
461
462
462
462
460
461
450
460
461
453
462
460
460
461
461
438
462
461
460
462
456
459
453
460
461
462
462
462
460
459
462
462
462
462
462
461
461
453
457
460
461
461
463
463
462
464
460
461
460
455
461
461
462
462
463
462
463
460
462
462
462
464
464
462
464
464
466
464
462
460
464
464
461
462
464
464
461
460
464
464
460
464
463
464
464
463
462
464
462
464
462
462
464
463
464
462
464
464
463
464
462
464
464
460
463
464
464
464
463
462
459
463
464
463
464
457
464
463
464
464
464
464
457
461
461
464
463
464
464
462
460
464
463
463
464
462
463
464
464
464
464
464
461
464
463
464
464
464
460
464
464
463
463
461
463
464
464
464
464
458
463
463
462
464
460
464
463
457
464
463
462
464
464
464
464
463
463
463
464
463
463
464
464
464
460
464
464
464
464
462
464
464
464
464
463
464
462
462
464
465
464
461
462
464
464
464
462
462
464
464
462
458
462
462
463
462
462
463
461
464
463
464
464
463
464
463
464
463
466
455
464
465
463
466
464
464
462
461
466
464
462
463
466
464
464
466
463
464
465
466
462
463
466
466
464
466
466
463
463
463
466
457
464
464
464
464
466
461
462
464
462
452
464
456
448
463
464
446
432
461
457
464
464
463
462
464
464
464
464
466
462
464
464
465
462
463
447
464
460
466
464
462
462
462
464
464
462
460
464
463
461
463
466
461
466
466
463
461
466
466
460
463
463
465
461
464
465
466
462
458
463
464
457
464
464
462
464
463
459
460
464
462
464
464
463
464
464
463
462
461
462
463
460
462
466
466
464
466
465
464
465
464
465
466
463
464
462
464
463
463
466
466
463
466
461
462
462
465
465
465
464
466
466
466
465
463
466
466
466
466
462
466
460
466
466
466
464
463
466
464
466
466
463
464
464
464
465
464
466
463
464
464
465
466
466
466
464
464
464
461
465
462
465
466
466
465
466
466
466
466
466
466
462
460
466
460
466
465
466
464
466
465
466
464
465
466
465
465
460
466
466
464
466
466
466
465
466
462
463
466
463
466
465
466
458
466
464
464
464
465
466
466
466
465
464
466
466
466
464
466
466
463
466
466
465
464
463
466
466
466
466
466
464
465
465
466
464
466
466
466
466
465
460
465
466
464
463
466
465
466
466
466
456
466
465
464
466
464
466
463
465
465
464
466
466
464
451
466
462
466
464
466
466
466
466
466
465
466
465
466
466
465
466
463
465
466
466
458
466
464
466
465
466
466
466
460
466
466
466
466
464
466
466
466
466
462
464
464
466
466
466
464
466
465
464
465
466
466
466
466
466
465
466
466
466
461
466
465
465
466
465
465
466
466
464
466
466
465
466
466
466
465
464
466
465
465
463
466
462
466
466
465
466
462
461
466
466
468
466
465
464
465
466
468
464
464
466
465
466
466
466
464
466
466
466
466
466
466
465
466
466
466
466
458
468
463
465
465
465
465
466
465
464
466
466
466
466
466
466
466
466
465
466
466
465
466
466
466
466
466
466
463
465
466
458
466
466
466
466
462
466
464
466
465
466
465
466
466
464
465
466
466
466
466
466
466
466
465
466
466
465
465
465
466
466
466
466
464
457
466
466
466
466
465
466
466
465
466
468
465
464
464
466
465
465
466
464
466
466
466
466
466
468
466
466
463
466
465
466
466
465
466
466
466
465
466
466
466
464
466
466
466
466
464
465
465
463
465
464
466
463
466
466
466
465
466
466
466
466
466
466
465
466
466
466
466
466
466
466
466
466
465
466
466
466
465
466
466
466
466
466
466
466
458
467
466
467
466
464
463
468
466
466
465
466
462
466
460
466
466
466
466
466
465
465
466
466
466
466
464
466
466
464
466
466
466
465
465
464
464
466
465
466
466
464
465
466
466
466
466
464
466
463
464
466
466
465
464
466
466
466
466
466
466
466
465
466
464
466
466
464
464
466
466
466
466
466
466
466
466
464
466
466
466
466
466
465
466
466
466
466
466
466
465
465
466
466
466
466
466
466
466
466
466
466
466
468
466
466
466
466
466
465
462
466
466
466
462
466
468
466
468
462
466
465
464
468
466
465
468
466
466
465
467
465
468
466
465
466
465
466
463
466
468
466
466
463
466
465
466
466
465
465
464
464
465
464
462
465
464
466
466
465
466
466
466
466
466
465
466
466
466
465
466
464
464
466
466
465
464
466
465
464
464
465
464
460
466
465
466
463
466
466
466
466
466
466
466
466
464
466
466
466
466
466
466
466
466
466
466
466
466
466
466
466
465
463
466
465
466
466
465
466
466
464
466
466
466
466
463
466
466
465
465
466
466
466
462
466
464
464
464
466
466
464
466
466
464
466
466
464
466
466
466
466
466
466
466
460
461
466
466
466
464
466
466
464
465
466
466
466
466
465
466
466
466
466
466
458
466
466
468
468
466
466
468
468
468
468
468
468
468
468
464
468
468
468
468
468
465
466
466
466
467
468
468
468
466
468
468
468
468
468
468
467
468
464
468
464
468
466
467
468
468
468
468
468
468
464
468
468
468
466
468
468
467
468
468
466
466
464
465
464
468
466
467
466
466
466
464
466
466
466
464
466
466
466
466
466
466
464
466
466
466
466
466
466
464
466
466
466
466
466
466
466
466
458
466
466
466
466
465
466
466
465
468
468
466
468
466
461
466
465
464
465
468
468
468
468
467
468
468
457
468
468
468
466
468
468
468
468
468
466
460
468
464
466
467
466
468
464
467
466
466
468
468
468
468
468
468
467
468
468
468
468
468
468
468
468
468
468
468
465
468
468
468
468
468
468
467
468
468
468
468
468
468
468
468
468
468
468
467
468
464
467
467
468
467
468
466
468
468
467
468
468
468
468
467
468
468
467
468
466
468
468
468
468
468
468
468
462
468
468
468
468
467
466
468
468
468
467
468
468
468
466
468
468
468
468
468
468
468
466
468
468
468
465
468
468
468
468
467
465
466
468
468
468
468
468
468
468
468
468
468
468
468
468
468
468
468
468
468
468
468
468
468
468
468
468
462
468
468
468
468
468
468
468
464
464
468
465
468
466
468
468
466
468
468
467
468
468
468
467
468
467
468
468
468
468
467
468
468
468
468
468
468
468
468
468
468
468
468
466
468
468
468
468
468
466
468
468
468
468
464
468
467
468
468
466
466
458
468
468
468
468
468
468
468
466
468
467
468
468
468
468
468
466
468
468
468
468
468
468
466
466
467
468
468
468
468
466
467
468
468
468
468
468
468
467
468
464
468
468
468
468
468
468
464
468
467
467
468
468
468
468
466
468
468
468
468
468
468
468
468
468
468
468
468
468
468
468
466
468
468
468
468
468
468
460
468
466
468
468
468
468
468
468
468
468
468
468
468
468
468
465
468
468
467
468
468
468
468
468
468
468
468
468
468
468
464
468
468
467
468
468
468
468
467
468
468
468
468
468
468
468
467
468
468
467
468
468
468
466
468
467
468
466
468
468
468
468
468
468
468
468
468
468
468
468
468
468
468
468
468
468
468
468
468
468
468
468
468
468
468
468
468
466
468
468
468
468
467
468
468
468
468
467
468
468
466
468
468
468
468
468
468
468
468
468
468
468
468
468
468
467
468
468
468
468
464
468
468
468
468
468
467
468
468
468
465
468
468
468
468
466
468
468
468
468
468
468
468
467
468
467
468
467
467
468
468
468
466
468
468
468
467
464
468
468
468
468
467
468
466
466
468
466
468
467
468
468
468
468
468
468
468
468
466
466
466
468
466
468
468
468
468
467
468
467
466
468
467
466
468
468
468
468
468
468
468
468
467
467
468
468
468
468
468
468
468
467
468
468
468
468
468
468
468
468
468
467
468
468
468
468
468
468
468
468
468
468
468
468
468
468
468
465
468
468
468
466
466
468
466
468
468
468
468
468
468
468
468
468
468
467
468
468
468
468
468
468
466
468
468
468
468
468
466
467
468
466
468
466
468
468
468
468
466
468
468
467
468
468
468
468
466
468
468
468
468
468
468
467
466
468
468
468
468
468
468
468
467
467
467
468
468
468
468
468
468
468
468
468
462
467
468
468
468
468
468
468
467
468
468
468
468
468
468
468
468
468
468
468
468
468
466
468
468
468
468
468
467
468
468
468
468
468
468
468
468
468
468
468
468
468
468
468
468
468
467
468
467
468
468
468
468
468
468
468
468
468
468
468
468
468
468
468
468
468
468
468
468
468
468
468
468
465
468
468
468
468
468
468
468
468
468
468
468
468
464
467
468
467
465
467
468
468
468
466
468
468
468
464
467
468
468
468
468
468
466
468
467
468
468
468
467
468
468
468
467
468
468
468
468
468
467
468
468
468
468
468
468
466
468
466
468
468
468
468
468
467
468
467
468
467
468
467
468
468
468
468
467
468
468
468
468
468
468
467
468
468
468
468
462
468
466
468
468
466
468
468
468
468
468
468
468
468
468
468
468
468
468
468
468
468
468
468
468
468
467
468
468
468
468
468
468
468
468
468
468
466
464
466
468
468
468
468
468
467
468
465
468
468
467
468
466
468
467
468
467
468
468
466
467
468
468
468
468
468
468
468
466
468
468
468
467
468
468
467
468
468
468
468
468
468
467
468
468
468
468
468
466
468
468
468
468
468
468
468
468
468
468
468
468
468
468
468
468
465
468
468
468
468
468
468
466
468
468
468
468
468
468
466
468
468
468
468
468
468
468
468
468
468
468
468
468
468
468
467
468
468
465
468
468
468
467
468
468
468
468
468
467
466
468
468
466
468
468
467
467
466
468
468
468
468
463
466
468
466
462
468
468
467
468
468
468
468
466
468
468
468
468
468
468
468
468
468
468
467
468
467
467
468
468
467
468
468
468
467
465
468
468
468
468
468
468
468
467
468
468
468
468
466
468
468
468
468
468
468
468
468
466
468
468
467
468
468
468
466
468
468
468
468
468
468
468
468
468
468
468
468
466
468
468
468
468
468
468
467
466
466
468
468
468
468
468
468
468
468
467
468
468
468
468
466
465
468
466
468
466
468
468
468
468
468
468
468
468
468
468
467
468
466
468
468
468
468
468
468
467
468
468
466
468
468
468
468
466
466
468
468
468
467
468
468
468
468
468
467
468
468
468
468
468
468
468
468
468
468
468
468
468
468
466
468
467
468
467
468
468
468
468
467
468
468
468
468
466
468
468
468
468
468
468
462
468
468
468
468
468
468
468
468
468
468
466
468
468
467
468
467
468
468
468
468
467
460
468
468
462
468
468
468
468
468
468
467
468
468
468
468
468
468
467
466
468
468
468
467
468
468
468
468
468
468
466
468
462
468
468
468
468
468
468
468
468
468
468
468
467
468
468
468
468
466
468
468
468
466
466
466
468
468
468
468
468
468
468
468
468
468
468
468
468
468
468
468
468
468
468
468
467
468
468
468
468
468
468
468
468
468
468
468
468
468
468
468
468
468
468
468
468
468
468
468
468
467
468
468
468
468
466
468
468
462
468
468
468
466
468
468
468
468
468
468
468
468
468
468
467
467
467
468
468
468
468
468
468
468
468
468
466
468
468
468
468
468
468
466
468
468
468
468
468
467
468
466
468
457
468
468
462
467
468
468
468
468
468
468
468
467
468
466
467
467
468
468
466
468
468
468
468
468
468
468
468
468
468
467
466
468
468
468
468
466
466
467
468
468
468
468
466
468
468
468
468
467
468
468
468
468
468
468
468
468
468
466
468
468
468
468
468
468
468
467
468
468
468
468
468
468
466
468
468
468
468
468
468
468
468
468
468
468
466
467
468
468
468
468
468
468
468
466
467
468
468
467
468
468
468
468
468
468
468
468
468
468
468
468
468
468
468
468
467
468
468
468
468
468
468
468
467
467
468
468
468
468
468
466
468
467
468
466
468
466
468
468
467
468
468
468
468
468
468
468
468
466
468
468
468
468
468
468
468
468
468
468
466
466
468
468
468
468
468
468
468
468
468
468
468
468
468
467
468
465
468
467
468
466
468
468
468
468
468
468
468
468
468
467
468
468
468
468
468
468
468
468
468
467
468
468
468
468
466
468
468
468
468
466
468
466
468
468
468
468
468
468
468
467
468
468
468
468
467
468
468
468
467
468
468
468
468
468
468
468
468
468
468
468
465
468
468
468
468
468
468
468
468
468
466
468
468
468
468
467
468
466
468
468
467
468
468
466
468
468
468
468
461
468
466
468
468
468
468
468
468
468
468
466
468
468
468
468
467
468
468
468
467
468
467
468
468
468
468
468
467
468
468
468
468
465
468
468
468
468
468
468
468
468
467
467
468
468
468
468
468
468
466
468
468
468
468
466
464
468
468
468
468
468
468
468
467
468
468
468
468
460
468
468
466
468
467
468
468
468
467
468
468
468
468
466
468
468
468
468
466
466
468
468
468
466
460
468
467
468
468
467
468
468
468
468
468
468
468
468
462
468
468
468
468
468
470
458
468
468
468
468
468
468
468
466
468
462
468
468
468
468
468
468
468
468
467
468
468
468
466
468
468
468
464
467
468
468
468
468
468
468
466
468
468
468
468
468
468
468
468
468
466
467
468
468
468
468
468
468
467
468
468
468
468
468
468
468
468
468
468
468
468
468
468
468
468
467
468
468
468
466
468
468
468
468
468
468
468
468
467
466
468
468
468
466
468
468
464
468
468
468
468
468
468
468
468
467
467
469
468
468
467
468
468
468
468
468
467
468
468
468
468
467
463
468
464
468
468
468
468
468
468
468
468
468
468
468
466
468
468
468
467
468
465
470
468
468
468
468
466
468
468
468
464
468
468
468
468
468
468
467
468
467
468
468
468
468
467
468
468
461
466
468
468
468
468
468
469
467
468
468
468
468
468
466
468
468
468
468
468
467
468
468
468
468
468
468
468
466
468
468
467
468
468
468
468
468
470
466
468
467
468
468
465
468
467
468
468
468
467
462
468
468
468
467
468
468
468
468
470
467
468
470
468
470
468
470
470
467
470
467
466
468
468
468
468
468
468
468
468
468
468
468
468
468
468
468
468
466
468
468
468
468
468
468
468
468
468
468
468
468
468
468
467
468
468
468
468
468
467
468
467
468
467
468
468
468
470
468
470
468
468
470
468
468
466
460
468
468
468
468
468
466
468
468
468
468
468
464
468
468
468
464
468
468
464
465
468
468
468
468
468
468
468
468
468
466
468
468
468
468
467
468
468
468
468
468
468
468
468
468
468
464
468
468
466
468
468
468
466
468
468
466
468
468
468
468
466
468
468
468
468
468
468
467
470
468
467
468
470
468
468
468
468
470
468
470
468
468
468
468
468
468
468
468
468
468
468
468
468
466
468
468
468
468
468
468
470
468
468
468
468
467
468
468
468
468
468
468
468
468
468
468
468
468
468
468
468
466
468
466
468
466
468
470
468
470
470
469
470
468
470
467
470
468
468
468
468
465
470
470
467
468
462
468
467
463
468
468
468
470
468
468
468
468
468
466
468
468
468
467
468
468
467
467
468
467
466
468
466
468
468
468
468
468
468
466
468
468
468
468
468
467
468
468
470
467
468
466
470
465
468
468
468
470
470
467
468
470
467
466
468
468
468
468
468
468
466
468
468
467
468
470
467
470
466
468
468
468
467
468
468
467
468
468
468
468
468
468
468
468
466
468
467
467
468
468
466
468
466
468
468
468
463
468
468
468
468
468
468
468
468
468
470
462
467
466
468
468
470
470
468
468
468
470
470
467
468
468
467
470
470
470
470
468
467
469
468
468
468
468
467
468
467
468
468
468
468
468
467
468
468
468
468
468
468
468
468
467
468
468
468
468
468
468
468
468
468
468
468
468
468
468
468
468
468
466
466
468
468
468
468
467
468
468
468
468
468
468
468
468
467
468
468
468
466
468
467
467
468
468
468
468
468
468
468
468
468
468
468
468
466
468
468
468
468
468
468
468
468
468
468
468
468
468
462
468
468
468
466
468
470
466
468
468
468
467
468
468
468
468
468
468
468
468
468
468
470
466
469
468
470
468
470
467
468
468
468
470
470
470
468
466
468
468
468
468
467
468
468
468
467
467
468
468
468
468
468
468
468
464
468
468
468
468
468
468
468
468
468
466
470
466
468
464
468
470
468
468
468
468
468
468
468
468
468
468
468
466
467
468
468
468
468
466
468
466
468
467
468
468
468
466
468
468
470
468
470
468
464
465
468
466
467
468
460
468
470
468
464
468
470
468
468
468
468
466
470
468
467
468
470
468
468
468
468
468
468
468
466
468
468
468
470
468
465
468
468
468
468
470
470
469
468
470
468
470
470
468
468
468
467
468
468
470
468
468
468
468
468
468
468
468
468
468
468
468
468
468
468
468
468
468
468
468
467
468
468
468
468
468
468
468
470
468
468
468
468
468
466
468
468
468
468
457
468
468
468
468
468
468
468
468
460
468
468
468
467
468
468
466
467
466
468
468
470
470
468
468
467
470
470
466
468
467
468
470
470
468
470
468
470
468
469
470
468
470
470
467
467
468
468
468
468
470
470
468
468
468
468
468
468
468
467
468
470
468
470
470
468
470
468
470
468
468
468
470
466
468
470
466
470
470
470
468
470
470
468
470
469
470
470
470
470
468
470
470
468
470
466
468
468
468
468
468
468
468
468
468
468
470
470
470
470
469
470
470
470
470
469
470
469
468
460
470
468
470
470
470
470
470
470
470
470
468
469
468
470
461
468
470
470
470
470
468
469
470
470
470
470
470
468
470
470
470
468
468
470
470
468
469
469
470
470
470
470
470
469
470
468
470
470
470
470
470
470
470
470
470
470
470
470
470
470
470
468
470
470
470
470
470
469
469
470
470
470
470
466
470
469
469
470
470
468
468
470
470
470
470
470
469
470
470
470
470
470
470
470
469
470
466
470
470
469
470
470
470
470
470
470
468
470
470
470
470
470
470
470
470
470
470
470
470
470
470
470
470
470
470
470
469
470
470
468
470
470
470
470
470
470
470
470
470
470
470
470
470
470
470
470
470
470
470
470
470
470
468
470
469
470
470
470
470
470
470
470
470
472
469
468
470
470
470
468
470
468
470
468
470
470
468
470
466
470
470
470
470
469
469
470
470
470
470
469
470
469
470
470
470
470
470
470
470
470
470
468
468
470
468
470
470
470
470
470
470
464
470
468
470
470
470
469
470
470
470
470
470
470
470
470
470
470
470
470
464
470
468
470
469
470
470
470
465
470
470
469
469
470
470
469
470
466
468
468
467
468
470
468
467
466
468
470
468
467
466
468
468
470
470
468
470
470
466
470
470
470
470
470
468
470
466
468
468
468
470
470
470
470
470
470
470
470
469
470
470
470
470
470
470
470
468
469
470
470
469
470
470
470
470
464
470
466
468
470
470
470
470
468
470
468
469
468
469
470
470
470
470
470
470
470
470
470
470
470
470
470
468
470
469
470
470
470
469
470
470
470
470
470
470
470
470
466
470
470
470
468
470
470
470
469
470
469
469
470
470
470
469
470
470
470
470
470
470
470
470
470
470
470
470
469
470
470
469
469
469
469
470
470
470
470
470
470
470
470
470
470
470
470
470
470
469
470
470
469
470
468
470
470
470
470
470
470
470
470
470
469
470
470
470
470
470
470
470
470
470
470
470
470
470
470
470
470
470
470
468
470
470
470
470
468
470
470
470
470
470
470
468
470
470
470
470
470
470
470
470
470
469
468
470
470
470
470
470
470
470
470
470
470
470
469
470
468
470
470
470
470
470
470
470
464
470
468
470
470
470
470
470
470
470
470
470
470
470
470
470
470
470
470
469
470
470
470
470
468
470
470
470
470
470
470
470
470
470
464
468
470
469
470
470
468
470
470
470
470
467
470
469
470
470
470
470
470
469
470
470
470
470
470
470
470
468
470
470
469
469
470
470
470
470
470
470
470
470
470
470
469
470
470
470
470
468
470
470
470
470
470
470
470
470
470
470
470
470
470
468
470
469
470
466
465
468
469
470
469
466
470
469
470
470
470
470
470
470
470
470
469
470
469
469
469
469
469
470
470
470
470
469
470
470
470
470
470
470
470
470
470
468
470
470
470
470
470
468
470
470
470
470
470
462
470
468
470
470
470
470
470
470
470
470
470
470
470
470
470
469
468
470
470
470
470
470
470
469
470
470
470
470
470
470
470
470
468
470
470
470
470
469
468
470
470
470
470
470
470
470
468
469
470
470
470
470
470
470
470
469
470
469
470
468
470
470
470
470
470
470
468
470
470
470
470
470
466
470
470
470
470
470
470
470
470
470
470
469
470
469
470
470
468
470
470
470
470
470
468
470
470
470
470
470
470
470
470
470
470
470
470
470
470
470
470
470
470
470
470
470
470
468
470
470
470
470
468
470
470
470
470
470
468
470
470
469
470
470
468
470
470
470
470
470
470
470
470
470
470
470
470
470
470
472
470
469
470
469
470
470
470
470
470
470
468
468
470
470
470
466
470
470
470
470
470
470
470
469
465
470
469
470
470
470
470
470
470
470
470
469
469
470
470
468
470
470
470
470
470
470
470
470
470
470
470
470
470
470
470
470
470
468
468
470
470
470
470
470
469
470
470
470
470
469
469
470
470
468
470
469
469
470
470
470
468
470
470
470
468
470
470
468
470
469
470
470
468
470
470
469
470
470
470
470
470
470
470
470
470
470
470
470
470
470
470
470
468
470
470
470
470
470
470
470
470
470
470
468
470
468
467
470
470
470
470
470
470
470
470
470
470
470
470
468
470
470
470
469
470
470
470
470
470
469
470
468
470
470
469
470
470
470
470
470
470
470
468
470
470
467
470
470
469
469
470
470
468
469
470
470
469
469
470
470
470
462
470
470
470
470
468
470
470
470
470
470
470
470
470
468
470
470
469
470
470
470
469
470
470
470
470
470
470
470
470
468
468
470
470
470
468
470
470
470
468
470
470
470
470
470
470
469
470
470
470
470
470
470
470
470
470
470
470
470
470
470
469
470
470
470
470
470
470
470
469
470
470
467
470
470
470
470
470
470
470
470
470
470
467
470
470
470
470
470
470
470
469
470
470
470
469
470
469
469
470
468
470
470
470
470
469
470
468
470
470
470
470
469
470
470
470
470
468
469
470
470
470
470
470
470
470
470
470
469
470
470
470
470
470
470
470
468
470
465
469
468
470
468
470
470
470
470
468
470
470
470
470
470
470
469
470
468
468
470
470
470
470
470
469
470
470
470
470
469
470
466
470
469
470
470
469
469
470
470
470
470
468
470
470
469
470
470
470
470
470
470
470
469
470
470
470
468
470
469
470
470
470
470
470
470
470
470
470
468
470
470
470
468
470
469
470
470
469
470
470
470
470
470
470
469
469
468
470
470
470
470
469
470
469
468
470
467
470
469
470
470
469
470
470
470
470
470
470
468
470
470
469
470
469
470
470
470
470
469
470
470
470
470
470
470
469
470
468
470
470
470
470
468
470
470
470
468
472
470
468
470
469
469
470
470
470
470
470
468
470
470
470
470
469
470
470
470
470
469
470
470
470
470
470
470
470
470
470
469
470
470
470
468
468
470
470
468
470
468
469
470
468
469
469
470
468
470
470
468
470
470
470
470
470
470
470
470
470
470
468
470
470
469
470
468
470
470
470
470
470
468
470
470
470
470
470
470
468
469
468
470
470
470
470
470
470
472
470
472
470
469
470
470
470
470
472
470
470
470
470
470
470
470
470
470
470
471
470
472
470
470
470
470
471
472
470
470
470
470
470
470
470
470
470
472
467
470
470
470
470
468
469
470
470
470
470
470
470
469
470
470
470
470
470
470
470
470
469
469
466
462
470
470
470
470
468
469
470
470
470
470
470
469
470
470
470
468
470
470
470
470
470
470
470
470
470
470
469
470
470
470
470
470
470
470
470
468
470
470
470
470
470
470
470
470
470
470
470
470
470
470
470
470
470
470
470
470
470
470
470
470
470
470
470
470
470
470
470
470
470
468
470
470
470
466
470
472
470
470
468
468
470
470
470
470
468
470
470
472
470
468
470
470
470
470
469
470
470
470
470
470
470
468
470
470
468
470
470
470
470
470
470
470
468
470
470
470
470
470
470
469
470
470
470
470
469
470
470
470
470
470
470
470
469
470
470
470
470
470
470
470
470
470
470
470
470
470
470
470
470
472
469
470
470
470
468
470
470
470
470
470
470
472
470
470
470
470
468
468
472
470
470
470
472
467
470
470
470
470
470
470
470
472
469
470
472
469
469
470
470
470
470
470
470
467
469
470
470
462
470
470
470
468
466
470
470
470
470
470
470
469
468
470
470
470
470
470
470
470
470
470
469
470
464
470
470
470
470
470
472
470
469
470
470
470
468
468
470
470
470
472
470
470
470
470
470
470
470
463
469
470
470
470
470
470
470
470
470
470
470
470
470
470
470
466
470
470
470
470
470
470
470
470
470
470
470
470
470
466
470
468
472
470
470
470
470
470
470
470
470
470
470
470
470
472
472
466
470
472
470
472
470
472
472
472
472
470
472
472
468
471
472
472
470
470
472
470
470
470
470
470
470
470
470
470
470
470
470
470
470
470
469
470
470
470
470
470
470
470
470
470
470
470
470
466
470
470
470
462
470
470
470
470
470
470
470
470
470
470
470
470
470
469
470
470
470
470
470
464
470
470
470
470
467
470
469
470
470
470
470
470
470
469
470
470
470
470
470
470
470
470
470
470
470
470
470
470
470
470
470
470
470
470
469
469
470
470
470
470
470
470
472
469
469
470
470
470
469
470
470
472
468
470
470
470
470
470
470
470
470
470
470
472
472
472
472
470
470
470
472
472
470
469
470
469
470
470
469
470
470
470
470
470
470
470
470
470
470
470
470
470
469
469
470
469
470
470
470
470
470
470
470
470
470
470
470
470
466
470
468
469
470
468
468
470
470
470
470
470
468
468
469
470
470
470
470
469
470
470
470
468
470
470
470
470
470
470
470
470
470
469
470
470
470
470
470
470
469
470
470
470
470
470
470
470
470
470
469
470
468
470
468
470
469
470
470
470
470
468
470
468
469
470
469
468
470
470
470
470
470
470
470
469
470
470
470
470
470
470
470
470
471
470
470
468
468
470
470
467
470
470
470
470
470
469
470
470
472
470
470
469
470
470
469
471
472
470
470
472
472
472
470
470
470
470
470
470
470
470
470
470
470
470
470
470
470
470
470
468
470
470
470
470
470
468
470
472
470
470
470
470
469
470
470
466
470
470
470
470
470
470
470
470
470
470
470
470
470
472
470
470
470
470
470
470
470
470
472
470
470
469
470
470
470
472
470
470
470
470
470
468
469
470
466
472
468
470
470
470
470
470
472
470
470
470
472
470
470
470
470
470
470
470
470
470
470
470
470
469
470
468
470
472
470
469
470
470
472
470
469
469
470
472
470
470
470
470
470
469
468
470
472
470
470
470
470
470
468
470
470
469
470
469
470
470
470
470
470
470
470
470
470
470
468
470
470
468
470
468
470
470
470
470
470
470
470
470
470
470
470
470
470
470
470
470
470
468
470
470
470
470
470
468
470
470
470
466
470
472
470
470
468
472
470
470
472
472
472
470
472
472
470
472
472
472
468
470
472
470
472
470
470
472
472
472
472
472
472
472
472
470
472
472
472
472
472
472
471
472
470
472
470
472
472
472
470
472
472
472
470
472
472
470
472
471
472
471
472
472
472
472
472
472
472
472
472
471
472
471
472
470
472
472
472
471
471
472
470
470
470
470
470
470
470
470
468
471
470
470
470
468
470
470
470
470
470
470
470
469
470
470
470
470
470
466
470
464
470
472
470
470
469
470
470
470
470
470
468
466
470
460
470
470
470
470
470
470
469
469
469
470
470
470
470
470
470
468
472
464
470
470
468
472
470
472
470
472
468
472
470
466
468
472
470
472
472
470
472
472
472
468
470
470
470
471
472
472
470
472
472
471
472
472
471
472
471
470
472
472
472
470
472
472
472
472
472
472
471
468
468
461
472
472
470
470
470
470
470
472
470
468
472
470
472
472
470
472
472
471
469
472
472
472
470
472
468
468
471
472
470
472
472
472
472
472
472
470
472
470
470
472
472
471
472
472
472
472
470
470
470
472
472
472
472
470
470
472
472
472
470
470
471
470
472
470
472
470
472
472
472
472
470
470
472
472
472
470
472
472
468
472
470
470
472
470
472
471
472
470
470
472
472
472
470
472
472
472
472
470
470
472
472
470
472
470
472
470
470
471
472
472
472
472
472
472
472
469
472
468
470
472
472
472
471
470
472
472
472
472
470
472
472
472
472
472
471
472
471
472
472
472
472
472
472
472
472
472
472
472
472
472
472
471
470
472
472
472
472
470
472
472
469
472
472
472
472
472
472
472
472
470
472
472
470
472
470
472
470
471
468
472
472
472
472
472
472
471
464
472
472
472
472
472
472
472
471
472
472
470
472
471
471
472
472
472
469
472
472
472
471
472
472
472
471
472
472
472
472
472
472
472
472
472
468
472
472
472
472
472
472
471
472
472
472
472
472
472
472
472
472
472
472
471
472
472
472
472
472
472
472
472
472
472
472
470
472
472
472
472
472
470
472
472
472
472
472
472
472
472
472
471
467
472
472
472
472
470
472
472
472
472
472
472
472
467
472
472
472
472
472
472
472
472
469
472
470
472
472
472
472
472
472
472
472
472
469
472
472
472
472
472
472
472
472
472
472
471
472
472
472
472
472
472
470
472
472
472
472
472
472
472
472
472
472
472
472
472
472
472
472
472
472
472
471
472
472
472
472
472
472
471
470
472
472
472
472
470
472
472
472
472
472
472
472
472
472
472
472
472
472
472
472
471
472
472
472
471
472
472
472
472
472
472
472
472
468
472
472
472
472
472
472
468
472
472
472
472
464
472
472
470
468
472
472
471
469
471
472
472
469
472
472
472
472
472
472
472
472
472
471
472
472
472
472
470
472
472
472
472
471
472
472
472
472
472
472
472
472
472
470
472
472
472
472
472
472
472
472
471
472
472
472
472
472
472
470
472
472
472
472
472
472
472
472
472
472
472
472
472
472
472
472
472
471
472
472
472
472
472
470
471
472
472
472
472
472
471
470
468
471
472
472
470
471
472
472
472
472
470
472
472
472
472
471
472
472
472
472
472
472
472
472
470
471
472
472
472
472
472
471
472
471
472
472
468
472
472
472
470
472
472
472
472
471
471
472
472
472
472
472
472
472
472
472
472
471
468
472
472
470
472
472
472
472
472
472
472
472
471
471
472
472
468
471
472
471
472
472
472
472
471
472
472
472
470
472
472
472
470
472
472
472
472
472
470
472
472
471
472
472
472
471
464
472
472
472
472
472
472
472
472
472
472
472
471
472
472
472
466
470
472
472
470
471
472
472
472
472
472
472
472
472
471
472
471
472
472
471
471
472
472
472
472
471
472
472
472
472
472
472
471
471
472
472
472
471
472
472
472
472
470
471
471
472
472
472
472
472
470
472
472
472
472
472
472
472
472
470
472
472
472
472
472
472
472
472
472
472
472
470
472
470
472
472
472
472
472
472
472
472
472
470
470
472
472
471
472
472
472
472
470
472
472
472
472
472
472
472
468
472
472
472
472
470
472
472
472
470
472
472
470
471
472
472
472
471
472
462
472
472
472
472
471
472
472
472
472
469
472
470
472
472
472
472
472
472
472
472
472
472
469
472
472
470
472
470
472
472
472
471
472
472
472
471
472
472
472
472
472
471
472
472
472
470
472
472
470
472
472
471
472
472
472
472
472
468
472
472
472
472
472
472
472
472
472
471
472
472
470
472
472
472
472
470
472
472
472
472
472
472
472
472
472
471
471
472
472
472
470
470
472
472
471
472
472
472
472
471
472
472
472
472
472
472
472
472
470
470
472
472
472
471
472
472
472
471
472
472
472
472
472
471
472
472
472
467
472
472
472
472
472
472
472
472
470
472
472
470
470
472
469
471
472
472
472
472
472
472
472
472
468
472
472
472
472
471
470
472
472
472
472
472
472
472
470
472
472
470
472
471
471
472
472
472
472
472
472
472
470
472
470
472
471
472
472
472
472
472
472
472
472
472
472
472
471
472
472
472
472
468
472
472
472
472
472
472
472
472
471
472
472
472
468
472
472
472
472
472
472
472
472
472
472
472
472
471
472
465
471
466
472
472
472
472
472
472
472
472
472
472
472
472
472
472
472
472
471
472
472
472
472
472
472
471
472
472
472
472
470
472
472
471
472
472
471
472
472
471
472
472
472
471
472
472
472
470
471
472
472
470
472
470
472
472
472
471
472
472
471
471
472
468
472
472
472
472
472
472
472
472
471
472
470
472
462
472
472
472
472
471
471
472
472
470
470
472
472
472
471
471
468
472
472
472
469
472
472
472
472
472
472
472
472
472
472
472
471
470
472
470
471
472
472
472
472
472
469
472
472
472
472
472
472
472
472
472
472
471
472
472
472
472
471
471
472
472
471
472
472
464
472
472
470
472
472
471
472
470
471
472
472
470
472
472
472
470
472
472
472
472
472
472
472
469
472
472
472
472
472
472
472
472
471
472
472
472
470
472
471
472
472
471
471
472
471
471
464
472
472
472
472
472
472
472
472
472
472
472
472
472
472
472
472
472
472
472
472
472
472
472
472
472
472
472
472
472
470
472
472
472
472
472
472
472
472
472
472
471
472
470
470
472
470
472
472
472
472
472
472
472
472
472
472
472
472
471
472
472
472
470
469
472
472
472
472
472
471
472
472
472
472
472
472
471
471
470
472
462
472
472
472
472
471
472
472
472
472
470
472
472
472
472
471
472
470
471
472
472
472
472
472
471
472
472
472
472
472
470
472
472
472
472
472
471
470
472
472
471
462
472
472
472
472
470
472
472
472
472
472
471
472
472
472
472
472
472
472
472
472
472
472
472
472
472
472
471
472
472
472
472
472
472
472
472
472
472
472
472
472
472
472
470
471
472
472
472
472
472
471
472
472
471
472
472
472
472
472
472
472
469
471
472
472
472
472
472
472
472
472
472
472
470
471
472
472
472
472
472
472
472
472
472
472
472
472
470
472
472
472
472
472
472
468
471
472
472
472
472
472
471
472
472
472
472
472
472
472
471
470
472
472
472
472
472
472
472
472
470
472
472
470
467
472
472
468
472
471
472
472
472
472
472
472
472
472
472
472
472
472
472
472
472
472
472
472
472
472
472
471
472
470
470
470
471
472
472
472
472
472
472
472
472
472
472
472
472
472
470
472
472
472
472
472
469
472
472
472
472
471
472
472
472
472
471
471
472
471
466
472
471
472
472
472
472
472
468
471
472
472
472
471
472
472
472
472
472
472
472
472
472
472
472
472
472
472
472
472
472
470
472
472
472
472
470
471
468
472
472
472
472
472
472
472
472
472
472
472
471
472
472
472
472
472
472
472
472
472
472
472
472
472
470
472
472
472
471
472
472
470
472
472
472
472
472
471
471
472
472
472
472
472
472
472
472
472
472
472
472
472
472
472
472
472
472
472
472
472
472
470
472
472
471
472
472
472
472
472
472
470
472
472
470
472
472
471
472
470
472
472
470
472
472
468
471
472
472
472
472
472
472
472
472
472
472
471
472
472
472
470
471
470
471
471
470
471
472
472
472
472
472
472
472
470
472
472
470
472
472
472
470
472
472
472
470
472
472
470
472
472
472
472
472
471
470
472
468
472
472
472
472
472
472
472
472
472
472
468
472
470
472
472
472
472
472
472
472
472
472
472
472
472
472
472
472
472
472
470
471
472
472
472
472
472
472
472
472
468
472
472
472
472
472
471
472
472
472
471
472
471
472
472
472
472
471
472
472
466
470
472
472
472
472
472
472
472
472
472
472
472
472
471
472
472
472
472
472
472
472
471
472
472
472
472
472
470
472
472
472
466
472
472
472
472
472
472
472
472
472
472
472
471
472
472
472
472
472
472
469
472
470
472
472
470
472
472
472
472
472
472
468
471
472
472
472
472
465
472
472
472
472
472
472
472
472
472
472
472
472
472
472
472
472
470
472
470
472
472
472
464
472
472
472
472
472
471
472
472
472
471
466
472
472
472
472
472
472
472
472
472
471
471
472
472
472
472
472
472
472
472
472
472
472
472
471
472
468
472
472
471
472
472
472
472
472
472
470
472
471
471
472
471
472
472
472
472
472
472
472
472
472
472
472
471
472
472
467
472
472
470
472
472
472
472
468
472
470
472
472
471
472
472
472
472
472
472
472
472
472
472
472
472
472
472
472
472
472
471
471
472
472
472
472
472
470
472
472
472
471
472
469
472
472
472
472
472
472
471
472
471
472
472
472
472
472
472
471
472
472
472
468
472
472
472
472
472
472
471
471
470
472
472
472
472
472
472
472
472
470
472
472
472
472
472
472
472
472
472
472
472
472
472
472
472
472
472
472
472
472
472
472
472
472
472
472
472
472
470
472
472
472
472
472
472
472
472
470
472
471
472
472
472
472
472
472
472
472
464
470
472
471
472
472
472
472
472
472
472
472
472
471
472
471
472
472
472
470
472
472
470
472
472
472
472
472
472
472
472
472
472
472
472
472
472
472
472
472
472
470
471
472
472
472
472
472
472
472
472
472
471
471
471
472
472
472
470
472
472
472
472
472
472
471
472
472
472
472
472
470
472
472
464
469
472
472
472
472
472
472
472
472
472
472
470
471
472
472
472
472
472
471
472
472
470
472
472
472
470
472
472
471
472
472
471
472
470
472
472
472
472
464
472
472
472
472
472
471
472
472
471
472
472
472
468
472
472
472
472
472
472
471
472
472
472
470
472
472
472
472
472
470
472
472
472
472
472
470
472
472
470
472
470
472
472
472
472
472
472
472
472
472
472
470
472
472
471
470
472
471
472
472
472
472
468
472
470
472
472
472
472
472
472
472
472
472
472
472
470
472
472
472
472
471
472
472
472
472
472
472
472
472
471
471
470
472
470
472
472
472
472
471
472
472
471
472
472
472
471
472
472
471
472
472
472
472
470
471
472
471
472
472
472
470
472
472
472
472
472
470
472
472
472
472
472
472
472
472
472
472
472
472
472
471
471
472
472
472
472
472
472
472
472
472
472
472
472
472
472
472
471
472
472
472
472
472
471
472
472
471
472
472
472
472
471
472
472
472
472
472
472
472
472
472
472
471
472
471
472
472
472
471
472
471
472
472
472
472
472
471
471
472
472
472
471
472
472
470
470
472
470
472
470
472
472
471
472
471
472
472
472
472
470
472
472
472
472
472
472
472
472
471
472
471
472
472
472
472
470
472
472
472
472
472
472
472
470
472
472
471
471
472
472
472
472
472
472
472
470
472
471
472
472
472
472
472
472
472
472
472
472
468
472
472
472
471
472
472
472
472
472
472
472
470
472
471
472
472
472
472
472
472
472
472
472
472
472
472
472
472
470
472
472
470
472
472
472
472
472
472
467
472
472
471
472
472
472
470
471
471
472
472
472
472
471
472
472
472
472
472
472
472
472
472
472
472
472
470
472
472
472
472
466
471
472
472
472
470
472
472
472
472
472
472
472
472
472
472
472
472
472
472
472
472
472
472
472
472
472
472
472
472
472
472
472
472
472
472
472
472
471
471
472
470
471
472
472
472
472
472
472
472
472
472
472
472
472
472
472
472
470
472
472
472
472
472
472
472
471
472
471
472
472
472
472
470
472
472
472
472
472
472
472
472
472
470
472
469
472
470
472
472
472
472
472
472
472
472
472
472
472
472
471
472
472
471
472
472
472
472
472
472
472
472
472
472
472
470
472
470
466
472
472
472
472
471
472
472
469
470
468
472
466
472
472
472
472
472
472
472
472
470
472
472
472
472
472
472
470
472
472
472
472
472
472
472
471
472
472
472
472
472
469
472
472
472
472
472
471
472
472
472
472
472
472
472
472
472
472
472
472
472
472
472
472
472
470
472
472
472
468
472
471
472
472
472
472
472
472
472
469
472
472
472
472
472
471
471
471
472
472
472
472
472
472
472
472
472
472
471
472
472
472
472
472
472
472
472
472
470
472
472
472
472
472
472
470
472
470
472
472
471
472
472
472
470
472
472
472
472
472
472
470
470
472
470
472
472
472
471
470
472
472
472
472
471
472
472
472
472
472
472
472
472
472
472
472
472
472
472
471
472
472
472
472
472
472
472
472
472
472
472
472
472
471
470
472
470
472
472
472
472
472
472
472
472
472
472
472
472
471
472
472
472
472
471
472
472
472
472
472
472
472
472
472
464
472
472
472
469
472
472
472
468
470
472
472
472
471
472
472
472
470
470
470
472
472
472
472
472
472
472
469
472
472
472
472
470
472
465
472
470
472
472
472
472
472
472
472
472
472
472
472
472
472
472
472
472
472
472
470
472
470
472
472
472
468
472
472
472
472
471
472
470
472
472
472
472
472
472
472
472
472
472
470
470
471
472
472
472
471
472
471
472
472
471
472
467
472
472
472
472
472
472
470
472
472
472
472
472
472
472
472
472
472
471
472
472
472
472
464
470
472
472
471
472
472
472
472
472
472
472
472
472
472
472
472
472
472
472
470
472
472
472
472
472
471
469
472
472
472
472
472
470
472
472
472
472
472
472
472
472
472
470
472
472
472
472
472
472
470
471
472
472
472
472
472
472
471
472
472
472
472
472
472
471
472
471
472
472
472
471
472
472
472
472
472
472
472
471
472
472
469
472
472
471
472
472
472
472
472
472
472
472
472
472
472
472
472
471
470
472
472
472
470
472
472
471
471
472
472
472
472
472
470
472
472
472
472
472
472
471
472
472
472
472
472
470
472
472
470
472
472
466
472
472
472
472
472
471
471
472
472
472
472
472
472
472
472
472
472
472
471
472
470
472
472
472
470
471
472
471
472
472
468
472
472
472
472
471
472
472
472
470
470
472
472
472
472
472
472
472
472
472
472
468
472
472
470
471
469
470
472
472
472
472
472
472
472
472
472
472
472
472
472
472
472
472
471
472
470
472
472
472
472
472
468
472
472
472
472
468
472
472
471
472
472
469
472
471
472
472
472
472
472
470
472
472
472
472
472
472
472
472
472
471
472
472
472
472
472
471
472
470
472
472
472
472
472
472
470
472
472
471
472
472
472
472
472
472
471
472
472
472
472
472
472
472
472
472
472
472
466
470
472
472
472
472
472
471
472
470
472
472
472
472
471
471
472
470
472
472
472
472
472
472
472
472
472
472
472
472
472
472
471
471
472
472
472
472
472
472
472
472
472
472
472
472
472
472
472
472
472
472
472
472
472
472
472
472
472
472
472
472
472
472
472
472
472
470
472
472
471
472
471
472
472
472
471
472
471
472
471
472
472
472
472
472
470
470
472
472
470
472
472
464
472
471
472
472
472
472
472
472
472
472
472
472
472
472
472
472
470
472
472
472
472
472
472
472
472
471
472
472
472
472
472
472
472
472
472
472
472
472
472
472
472
472
471
472
472
471
472
472
472
472
472
472
472
472
470
471
472
472
472
472
472
472
472
472
472
470
472
472
472
472
472
472
472
472
470
472
471
472
472
472
472
470
472
471
472
472
472
472
472
472
472
471
471
471
472
472
472
471
472
472
472
472
472
472
472
470
472
472
472
472
472
470
472
472
472
472
472
472
472
472
472
472
472
472
472
472
472
472
470
470
472
472
472
472
470
472
472
472
472
472
472
472
472
